 #  cstSFR_5Myr_BPASSv2.2.1_kroupa_binary_MMax=100
 # Modelfile  models/yor/BPASSv2.2.1_imf135_100-bin.yor
 # Data model:
 # Number of ages (int)
 # Number of Metallicities (int)
 # Ages (Myr) 1D float array
 # Metallicities (absolute, not /0.02) 1D float array
 # Emissivity (age,Z) 2D float array, Number of ages rows, number of metallicities lines
 # in phot/s/Msun of initial stellar mass
 # MAB1600 (age,Z) 2D float array, Number of ages rows, number of metallicities lines
 # Contbetalow (age,Z) 2D float array, Number of ages rows, number of metallicities lines, Continuum at low lambda end of band for estimating beta: 1492 Angstrom
 # Contbetahigh (age,Z) 2D float array, Number of ages rows, number of metallicities lines, Continuum at high lambda end of band for estimating beta : 2621 Angstrom
 # betas (age,Z) 2D float array, Number of ages rows, number of metallicities lines, Continuum at high lambda end of band for estimating beta
51
13
1.000000e+00,1.258925e+00,1.584893e+00,1.995262e+00,2.511886e+00,3.162278e+00,3.981072e+00,5.011872e+00,6.309573e+00,7.943282e+00,1.000000e+01,1.258925e+01,1.584893e+01,1.995262e+01,2.511886e+01,3.162278e+01,3.981072e+01,5.011872e+01,6.309573e+01,7.943282e+01,1.000000e+02,1.258925e+02,1.584893e+02,1.995262e+02,2.511886e+02,3.162278e+02,3.981072e+02,5.011872e+02,6.309573e+02,7.943282e+02,1.000000e+03,1.258925e+03,1.584893e+03,1.995262e+03,2.511886e+03,3.162278e+03,3.981072e+03,5.011872e+03,6.309573e+03,7.943282e+03,1.000000e+04,1.258925e+04,1.584893e+04,1.995262e+04,2.511886e+04,3.162278e+04,3.981072e+04,5.011872e+04,6.309573e+04,7.943282e+04,1.000000e+05
4.000000e-02,3.000000e-02,2.000000e-02,1.400000e-02,1.000000e-02,8.000000e-03,6.000000e-03,4.000000e-03,3.000000e-03,2.000000e-03,1.000000e-03,1.000000e-04,1.000000e-05
4.841430e+45,6.020788e+45,7.285593e+45,8.558549e+45,9.779558e+45,1.102164e+46,1.212237e+46,1.281535e+46,7.105644e+45,3.087900e+45,1.145956e+45,5.484014e+44,2.939947e+44,1.663247e+44,1.124946e+44,7.394376e+43,4.348013e+43,3.197488e+43,2.507412e+43,1.753027e+43,1.101911e+43,8.307127e+42,5.463676e+42,2.493664e+42,1.890756e+42,9.438247e+41,3.879815e+41,3.217611e+41,1.451253e+41,1.223378e+41,1.280514e+41,7.712702e+40,4.403900e+40,4.074150e+40,5.064572e+40,3.234656e+40,3.705819e+40,2.531762e+40,1.834627e+40,6.249398e+38,3.058539e+41,2.692978e+41,1.550588e+41,1.684265e+41,1.126705e+41,5.400458e+40,4.605203e+40,1.168061e+41,3.292785e+40,8.126309e+39,5.544647e+39
5.115346e+45,6.378892e+45,7.797337e+45,9.312027e+45,1.078822e+46,1.225009e+46,1.357677e+46,1.448593e+46,8.552017e+45,3.839461e+45,1.457692e+45,6.670409e+44,3.292562e+44,1.946069e+44,1.204026e+44,7.381902e+43,5.052122e+43,3.284758e+43,2.442784e+43,1.985372e+43,1.237222e+43,8.486079e+42,5.130249e+42,2.231148e+42,1.662697e+42,9.898441e+41,3.316718e+41,2.991186e+41,1.487717e+41,1.062344e+41,1.195294e+41,8.154993e+40,2.332294e+40,5.210073e+40,4.821918e+40,4.099730e+40,2.937806e+40,2.481323e+40,1.668248e+40,1.504146e+40,9.956173e+39,8.668293e+38,1.650384e+38,1.189704e+41,2.152475e+41,2.577951e+41,1.048720e+41,1.112987e+41,4.637097e+40,8.296117e+40,6.517551e+40
5.563610e+45,6.990547e+45,8.705646e+45,1.068391e+46,1.273487e+46,1.482332e+46,1.684145e+46,1.832111e+46,1.208045e+46,5.869726e+45,2.163930e+45,9.199922e+44,4.210875e+44,2.141776e+44,1.251469e+44,8.159956e+43,5.583137e+43,3.858381e+43,3.533879e+43,2.165667e+43,1.430284e+43,9.382406e+42,7.418918e+42,3.528294e+42,3.288436e+42,1.417956e+42,4.589175e+41,3.777458e+41,2.103551e+41,1.511860e+41,1.108225e+41,6.164480e+40,3.585884e+40,5.381787e+40,4.243849e+40,3.474792e+40,2.639285e+40,2.411063e+40,1.626341e+40,1.066238e+40,1.131506e+40,7.364311e+39,6.385172e+39,2.513473e+39,1.083813e+37,6.838393e+40,1.999982e+41,1.975988e+41,1.462981e+41,7.454058e+40,5.700500e+40
5.787674e+45,7.296645e+45,9.164426e+45,1.140076e+46,1.380529e+46,1.618057e+46,1.841763e+46,2.011432e+46,1.371676e+46,6.642527e+45,2.490507e+45,1.013872e+45,4.791146e+44,2.465780e+44,1.409603e+44,8.646746e+43,6.290955e+43,3.620872e+43,3.309965e+43,1.998202e+43,1.587020e+43,1.100247e+43,6.619373e+42,3.413924e+42,2.505816e+42,1.369522e+42,4.451556e+41,3.167177e+41,1.640972e+41,1.649079e+41,8.521514e+40,7.374470e+40,3.419344e+40,4.361292e+40,5.124393e+40,3.128954e+40,2.416067e+40,1.737944e+40,1.481268e+40,1.296216e+40,7.477300e+39,7.707018e+39,6.643414e+39,5.752878e+39,4.935593e+39,1.765201e+39,4.741775e+35,7.617784e+40,2.108612e+41,1.758002e+41,7.344074e+40
6.175929e+45,7.830738e+45,9.963297e+45,1.255565e+46,1.540572e+46,1.837377e+46,2.126775e+46,2.346884e+46,1.682449e+46,8.525044e+45,3.108814e+45,1.202298e+45,5.513035e+44,2.720755e+44,1.568826e+44,9.512441e+43,6.286780e+43,4.561156e+43,2.702716e+43,1.743169e+43,1.385871e+43,1.033003e+43,6.146540e+42,3.586701e+42,2.181723e+42,1.245964e+42,7.039713e+41,3.378858e+41,2.102379e+41,1.355676e+41,9.688929e+40,2.796986e+40,4.592884e+40,4.777812e+40,3.767292e+40,2.541505e+40,2.331632e+40,2.059289e+40,1.122352e+40,1.123264e+40,8.907053e+39,6.642916e+39,7.053303e+39,5.185842e+39,5.382520e+39,3.012413e+39,1.358175e+39,1.125426e+35,6.630308e+40,1.146723e+41,8.476377e+40
6.394230e+45,8.123753e+45,1.039873e+46,1.325116e+46,1.652835e+46,2.002504e+46,2.342982e+46,2.605214e+46,1.940456e+46,1.010370e+46,3.676482e+45,1.337841e+45,6.005128e+44,2.944527e+44,1.660126e+44,1.027225e+44,6.555433e+43,4.786673e+43,3.275063e+43,2.471136e+43,1.503596e+43,1.494948e+43,8.201297e+42,5.026586e+42,3.313597e+42,2.141483e+42,1.253445e+42,5.636400e+41,3.807280e+41,1.937662e+41,7.916297e+40,5.334269e+40,3.538231e+40,4.779744e+40,3.285591e+40,2.558698e+40,2.357717e+40,1.633361e+40,1.410196e+40,8.482098e+39,7.737170e+39,7.665660e+39,6.037603e+39,4.845029e+39,5.077233e+39,3.054271e+39,2.855617e+39,2.956299e+36,2.089379e+40,2.777455e+41,1.133079e+41
6.566682e+45,8.356896e+45,1.073361e+46,1.375286e+46,1.734148e+46,2.127607e+46,2.508607e+46,2.804047e+46,2.139923e+46,1.136274e+46,4.137123e+45,1.471957e+45,6.676993e+44,3.352646e+44,1.815462e+44,1.120287e+44,6.612712e+43,5.271074e+43,3.257057e+43,2.191823e+43,1.976545e+43,1.056658e+43,7.961855e+42,5.135483e+42,3.492312e+42,2.319302e+42,1.551193e+42,6.255422e+41,4.877571e+41,2.117046e+41,1.197210e+41,8.173660e+40,8.165819e+40,4.887242e+40,3.638611e+40,2.670920e+40,1.807861e+40,1.369509e+40,1.331042e+40,8.675471e+39,6.532022e+39,7.755542e+39,5.818760e+39,4.305112e+39,5.020187e+39,2.975819e+39,2.739028e+39,2.058210e+39,2.696788e+38,6.116118e+40,1.144693e+41
6.755201e+45,8.620381e+45,1.114128e+46,1.439074e+46,1.836695e+46,2.289652e+46,2.738078e+46,3.105863e+46,2.485021e+46,1.419453e+46,5.721638e+45,2.139945e+45,9.642431e+44,4.727008e+44,2.170131e+44,1.088992e+44,7.107834e+43,5.311650e+43,3.500159e+43,2.187888e+43,2.243346e+43,1.326124e+43,7.787184e+42,5.945946e+42,3.847280e+42,2.197382e+42,1.773220e+42,8.347222e+41,4.854597e+41,2.427433e+41,1.161650e+41,7.488826e+40,7.115752e+40,5.026351e+40,3.420087e+40,2.508821e+40,1.767483e+40,1.518780e+40,8.222369e+39,9.896493e+39,8.084383e+39,4.076330e+39,6.816823e+39,3.559130e+39,4.344729e+39,2.796090e+39,2.532193e+39,2.039464e+39,2.771304e+37,8.451111e+40,1.268881e+41
6.852855e+45,8.758412e+45,1.135771e+46,1.474364e+46,1.898241e+46,2.392174e+46,2.886582e+46,3.289695e+46,2.672793e+46,1.547685e+46,6.227609e+45,2.498131e+45,1.141994e+45,5.071765e+44,2.241841e+44,1.168071e+44,7.673881e+43,5.225504e+43,4.591817e+43,2.827363e+43,2.439346e+43,1.698085e+43,8.039158e+42,5.429707e+42,2.985113e+42,2.061680e+42,1.413098e+42,3.929588e+41,2.425218e+41,1.695048e+41,9.279008e+40,6.820603e+40,6.925585e+40,4.223621e+40,3.104291e+40,2.329421e+40,1.676478e+40,1.469652e+40,8.796965e+39,6.943268e+39,8.051721e+39,5.800472e+39,6.418250e+39,3.426272e+39,2.745430e+39,2.567906e+39,2.311369e+39,2.300377e+39,5.428106e+40,2.305139e+41,4.272494e+37
6.956102e+45,8.909490e+45,1.161370e+46,1.517609e+46,1.972070e+46,2.511973e+46,3.059550e+46,3.503053e+46,2.898461e+46,1.718254e+46,7.120922e+45,3.015975e+45,1.323953e+45,5.256953e+44,2.424155e+44,1.277799e+44,8.512847e+43,6.427810e+43,4.052192e+43,2.983120e+43,2.037837e+43,1.275275e+43,6.840399e+42,4.243440e+42,3.111916e+42,1.632426e+42,9.629868e+41,4.353750e+41,2.201227e+41,1.591827e+41,7.766635e+40,8.046374e+40,7.575237e+40,4.461821e+40,3.038779e+40,2.419696e+40,1.396903e+40,1.394396e+40,9.508987e+39,6.002849e+39,8.239509e+39,5.026231e+39,4.925528e+39,4.390993e+39,2.644123e+39,2.405180e+39,3.956818e+39,4.090156e+40,1.122893e+41,2.196400e+41,9.126958e+40
6.981258e+45,8.960094e+45,1.174821e+46,1.547915e+46,2.033201e+46,2.623038e+46,3.220550e+46,3.714437e+46,3.167078e+46,1.959080e+46,8.847194e+45,3.928582e+45,1.607861e+45,5.283746e+44,2.512195e+44,1.334168e+44,8.678512e+43,6.307659e+43,4.542541e+43,2.916807e+43,1.999204e+43,1.310428e+43,6.115742e+42,3.803224e+42,1.836243e+42,1.267535e+42,7.268233e+41,3.970162e+41,1.876040e+41,1.339727e+41,9.777095e+40,1.116945e+41,5.115881e+40,4.232714e+40,3.122184e+40,1.872028e+40,1.713869e+40,8.798106e+39,8.447965e+39,8.921997e+39,5.043280e+39,6.973926e+39,2.785531e+39,3.475674e+39,2.366564e+39,2.342998e+39,1.446988e+40,5.737374e+40,2.684817e+41,2.926469e+41,1.650067e+30
7.311391e+45,9.338000e+45,1.215935e+46,1.608523e+46,2.157431e+46,2.851048e+46,3.576340e+46,4.239838e+46,3.856522e+46,2.674744e+46,1.406487e+46,6.381703e+45,2.365889e+45,7.158976e+44,2.310409e+44,8.206880e+43,5.002499e+43,3.541061e+43,2.310875e+43,1.604425e+43,1.117094e+43,7.472621e+42,3.804204e+42,1.683029e+42,1.004699e+42,4.488199e+41,4.069995e+41,1.736889e+41,1.121287e+41,6.958823e+40,9.435830e+40,4.608125e+40,3.439642e+40,2.390910e+40,2.067549e+40,1.542167e+40,1.494904e+40,5.955615e+39,9.134526e+39,1.060306e+40,4.312316e+39,1.134463e+40,2.574772e+39,1.122649e+39,1.384463e+39,4.598226e+39,1.212765e+40,1.338447e+41,3.253707e+41,1.400593e+41,1.070581e+41
7.555250e+45,9.644450e+45,1.251776e+46,1.649627e+46,2.215039e+46,2.952992e+46,3.745893e+46,4.491147e+46,4.178146e+46,3.048760e+46,1.691218e+46,7.775014e+45,2.818738e+45,9.657175e+44,3.027901e+44,9.045925e+43,3.776791e+43,1.889581e+43,1.114194e+43,6.856405e+42,4.241647e+42,2.912099e+42,1.304648e+42,1.061887e+42,8.574632e+41,4.174584e+41,2.442985e+41,1.417492e+41,8.253352e+40,5.768385e+40,4.105817e+40,4.931116e+40,3.810394e+40,2.333304e+40,1.988860e+40,1.736347e+40,1.999207e+40,6.908644e+39,1.730684e+40,1.375981e+40,2.100567e+39,2.180094e+40,2.883193e+39,3.709633e+38,8.783740e+38,2.401646e+39,1.580858e+40,2.466905e+41,3.792720e+41,9.015454e+39,1.766108e+37
1.261241e+00,9.944156e-01,7.089925e-01,4.142825e-01,1.251950e-01,-1.306484e-01,-3.350282e-01,-4.874034e-01,-3.143348e-01,1.563539e-01,7.575732e-01,1.307650e+00,1.791210e+00,2.198824e+00,2.514446e+00,2.807406e+00,3.128086e+00,3.499946e+00,3.808645e+00,4.153769e+00,4.546738e+00,4.962850e+00,5.461147e+00,6.076562e+00,6.920661e+00,7.907746e+00,8.605490e+00,9.357041e+00,1.017086e+01,1.071693e+01,1.121502e+01,1.213975e+01,1.340927e+01,1.350483e+01,1.433810e+01,1.469751e+01,1.489455e+01,1.565328e+01,1.562433e+01,1.415950e+01,1.148189e+01,1.216486e+01,1.237809e+01,1.269895e+01,1.256182e+01,1.358038e+01,1.315352e+01,1.293588e+01,1.402800e+01,1.406322e+01,1.417938e+01
1.271684e+00,1.003711e+00,7.160304e-01,4.201420e-01,1.240086e-01,-1.473414e-01,-3.665289e-01,-5.315540e-01,-3.868386e-01,3.970985e-02,6.251193e-01,1.165221e+00,1.648845e+00,2.055892e+00,2.392763e+00,2.693040e+00,3.011931e+00,3.353608e+00,3.665832e+00,3.999341e+00,4.325042e+00,4.718309e+00,5.202109e+00,5.725946e+00,6.405771e+00,7.394603e+00,8.383712e+00,8.946793e+00,9.650878e+00,1.018151e+01,1.096756e+01,1.221116e+01,1.271815e+01,1.322503e+01,1.383400e+01,1.449313e+01,1.508277e+01,1.528707e+01,1.602716e+01,1.580000e+01,1.599147e+01,1.661134e+01,1.212091e+01,1.236828e+01,1.260317e+01,1.240942e+01,1.312444e+01,1.291815e+01,1.377358e+01,1.293668e+01,1.348530e+01
1.360884e+00,1.094355e+00,8.085679e-01,5.093462e-01,1.943274e-01,-1.064043e-01,-3.519849e-01,-5.389851e-01,-4.439338e-01,-9.063201e-02,4.624020e-01,1.003303e+00,1.495960e+00,1.898205e+00,2.218137e+00,2.516230e+00,2.833920e+00,3.154848e+00,3.446317e+00,3.763335e+00,4.069462e+00,4.460491e+00,4.887216e+00,5.403993e+00,5.960696e+00,6.731766e+00,7.515385e+00,8.347116e+00,9.025992e+00,9.956806e+00,1.065064e+01,1.143544e+01,1.207269e+01,1.254731e+01,1.355313e+01,1.445942e+01,1.495071e+01,1.524826e+01,1.563108e+01,1.586899e+01,1.631557e+01,1.622359e+01,1.715506e+01,1.660944e+01,1.383536e+01,1.150429e+01,1.273621e+01,1.292991e+01,1.286866e+01,1.387926e+01,1.397012e+01
1.390557e+00,1.124103e+00,8.389430e-01,5.416522e-01,2.246875e-01,-9.105557e-02,-3.555794e-01,-5.562949e-01,-4.857132e-01,-1.803469e-01,3.511160e-01,8.744081e-01,1.369942e+00,1.787768e+00,2.115670e+00,2.414845e+00,2.739535e+00,3.035110e+00,3.332807e+00,3.640183e+00,3.918043e+00,4.284962e+00,4.661210e+00,5.128590e+00,5.639259e+00,6.291136e+00,7.097923e+00,7.954629e+00,8.626135e+00,9.542388e+00,1.083389e+01,1.114464e+01,1.142566e+01,1.222069e+01,1.323083e+01,1.437794e+01,1.528927e+01,1.531197e+01,1.548749e+01,1.560141e+01,1.680250e+01,1.587680e+01,1.613346e+01,1.698953e+01,1.582596e+01,1.633134e+01,1.253893e+01,1.189624e+01,1.284040e+01,1.286288e+01,1.377770e+01
1.401271e+00,1.132746e+00,8.427704e-01,5.365717e-01,2.058199e-01,-1.199727e-01,-3.906743e-01,-5.980980e-01,-5.457609e-01,-2.512934e-01,2.704049e-01,7.941793e-01,1.281146e+00,1.687749e+00,2.029222e+00,2.337524e+00,2.653477e+00,2.960609e+00,3.267386e+00,3.532358e+00,3.805599e+00,4.169214e+00,4.494386e+00,4.930458e+00,5.402552e+00,5.896794e+00,6.671138e+00,7.516904e+00,8.344264e+00,9.346685e+00,1.052189e+01,1.098486e+01,1.137126e+01,1.192528e+01,1.295232e+01,1.388004e+01,1.466314e+01,1.513017e+01,1.547277e+01,1.613100e+01,1.553673e+01,1.686157e+01,1.585561e+01,1.576008e+01,1.636825e+01,1.789704e+01,1.693515e+01,1.270420e+01,1.202879e+01,1.364299e+01,1.358152e+01
1.450439e+00,1.182860e+00,8.943597e-01,5.905448e-01,2.610894e-01,-6.917240e-02,-3.467328e-01,-5.606721e-01,-5.185293e-01,-2.470018e-01,2.570036e-01,7.721455e-01,1.251679e+00,1.643362e+00,1.963202e+00,2.254783e+00,2.568114e+00,2.858243e+00,3.147934e+00,3.399998e+00,3.682000e+00,4.009862e+00,4.343707e+00,4.736205e+00,5.191922e+00,5.699280e+00,6.305272e+00,7.086157e+00,8.084379e+00,9.146944e+00,9.932235e+00,1.036590e+01,1.113894e+01,1.193457e+01,1.242967e+01,1.392762e+01,1.458004e+01,1.510100e+01,1.530606e+01,1.622894e+01,1.573021e+01,1.568392e+01,1.682844e+01,1.558164e+01,1.688306e+01,1.781258e+01,1.483366e+01,1.249167e+01,1.174273e+01,1.266081e+01,1.354113e+01
1.471290e+00,1.204468e+00,9.171478e-01,6.145590e-01,2.864357e-01,-4.674350e-02,-3.320658e-01,-5.544038e-01,-5.239588e-01,-2.765004e-01,2.101186e-01,7.149797e-01,1.193861e+00,1.593311e+00,1.905044e+00,2.213399e+00,2.525522e+00,2.820903e+00,3.101323e+00,3.338229e+00,3.597199e+00,3.925890e+00,4.226853e+00,4.583196e+00,5.034907e+00,5.522626e+00,6.057888e+00,6.767138e+00,7.583976e+00,8.520946e+00,9.471962e+00,1.007758e+01,1.092318e+01,1.139161e+01,1.259341e+01,1.337195e+01,1.466094e+01,1.574029e+01,1.519639e+01,1.530849e+01,1.673481e+01,1.552888e+01,1.675152e+01,1.559109e+01,1.668784e+01,1.783490e+01,1.430161e+01,1.226813e+01,1.168326e+01,1.273865e+01,1.350496e+01
1.489518e+00,1.224188e+00,9.391535e-01,6.378532e-01,3.090219e-01,-2.926140e-02,-3.214846e-01,-5.496752e-01,-5.299763e-01,-3.037122e-01,1.649780e-01,6.641194e-01,1.146380e+00,1.533727e+00,1.844469e+00,2.147091e+00,2.468569e+00,2.760183e+00,3.019716e+00,3.247884e+00,3.504675e+00,3.802853e+00,4.096414e+00,4.457829e+00,4.915790e+00,5.374828e+00,5.837247e+00,6.430811e+00,7.075733e+00,7.839099e+00,8.642207e+00,9.637212e+00,1.030157e+01,1.089876e+01,1.232632e+01,1.333381e+01,1.425535e+01,1.490202e+01,1.592138e+01,1.525749e+01,1.538397e+01,1.679408e+01,1.525083e+01,1.664484e+01,1.728608e+01,1.783156e+01,1.297135e+01,1.189575e+01,1.242316e+01,1.166677e+01,1.329615e+01
1.492268e+00,1.227510e+00,9.448643e-01,6.471268e-01,3.229250e-01,-1.413441e-02,-3.096983e-01,-5.423173e-01,-5.247192e-01,-3.076682e-01,1.555040e-01,6.368780e-01,1.108031e+00,1.490018e+00,1.796981e+00,2.105362e+00,2.428891e+00,2.719302e+00,2.978893e+00,3.205737e+00,3.442533e+00,3.745269e+00,4.081685e+00,4.471426e+00,4.849856e+00,5.302913e+00,5.773325e+00,6.289798e+00,6.818365e+00,7.455032e+00,8.100967e+00,8.997598e+00,1.015859e+01,1.093531e+01,1.182285e+01,1.301148e+01,1.394219e+01,1.474415e+01,1.482526e+01,1.546762e+01,1.526190e+01,1.655821e+01,1.506654e+01,1.685244e+01,1.786450e+01,1.392688e+01,1.219708e+01,1.166871e+01,1.135265e+01,1.197124e+01,1.875452e+01
1.496722e+00,1.232193e+00,9.514129e-01,6.575056e-01,3.378000e-01,-1.402498e-04,-3.018924e-01,-5.397467e-01,-5.261867e-01,-3.246008e-01,1.254750e-01,5.767802e-01,1.024564e+00,1.407341e+00,1.735209e+00,2.050845e+00,2.373856e+00,2.683460e+00,2.907924e+00,3.130410e+00,3.403508e+00,3.701876e+00,3.980216e+00,4.333111e+00,4.726218e+00,5.203702e+00,5.576688e+00,6.095117e+00,6.523703e+00,7.021410e+00,7.606150e+00,8.436015e+00,9.494174e+00,1.062646e+01,1.140253e+01,1.296736e+01,1.396309e+01,1.445166e+01,1.440884e+01,1.646594e+01,1.505776e+01,1.695407e+01,1.507842e+01,1.552904e+01,1.245228e+01,1.166215e+01,1.135930e+01,1.102688e+01,1.218223e+01,1.182375e+01,1.295702e+01
1.514208e+00,1.248950e+00,9.682123e-01,6.778062e-01,3.637036e-01,2.643106e-02,-2.806953e-01,-5.228111e-01,-5.123903e-01,-3.277129e-01,1.014016e-01,5.121895e-01,9.218468e-01,1.310462e+00,1.653745e+00,1.955583e+00,2.264910e+00,2.579663e+00,2.814801e+00,3.045258e+00,3.319764e+00,3.617657e+00,3.918914e+00,4.261700e+00,4.636642e+00,5.101430e+00,5.476471e+00,5.888763e+00,6.252715e+00,6.637427e+00,7.081637e+00,7.739569e+00,8.567061e+00,9.729945e+00,1.114535e+01,1.209459e+01,1.301363e+01,1.429305e+01,1.419269e+01,1.470782e+01,1.602062e+01,1.429524e+01,1.271477e+01,1.111963e+01,1.113000e+01,1.095015e+01,1.074367e+01,1.165054e+01,1.145066e+01,1.194590e+01,2.311745e+01
1.551443e+00,1.291355e+00,1.018580e+00,7.342834e-01,4.316973e-01,1.044501e-01,-2.074371e-01,-4.646459e-01,-4.760961e-01,-3.507089e-01,-3.470597e-03,3.724233e-01,7.761324e-01,1.151649e+00,1.492066e+00,1.812034e+00,2.078423e+00,2.360845e+00,2.649963e+00,2.847881e+00,3.119274e+00,3.426608e+00,3.714728e+00,4.048799e+00,4.290647e+00,4.673195e+00,5.055610e+00,5.498620e+00,5.862930e+00,6.144984e+00,6.511796e+00,6.961420e+00,7.497945e+00,8.062210e+00,8.704323e+00,9.580602e+00,1.059336e+01,1.170702e+01,1.152512e+01,1.082892e+01,1.049155e+01,1.016142e+01,1.058803e+01,1.060151e+01,1.059352e+01,1.066503e+01,1.088620e+01,1.091864e+01,1.153847e+01,1.262482e+01,1.288189e+01
1.574383e+00,1.313408e+00,1.040558e+00,7.579320e-01,4.615455e-01,1.433331e-01,-1.634362e-01,-4.204908e-01,-4.293505e-01,-3.051484e-01,3.213421e-02,3.968855e-01,7.886597e-01,1.157013e+00,1.464188e+00,1.787804e+00,2.099321e+00,2.351663e+00,2.592864e+00,2.763021e+00,3.078637e+00,3.298768e+00,3.581362e+00,3.898589e+00,4.177787e+00,4.449070e+00,4.819796e+00,5.225163e+00,5.485987e+00,5.834547e+00,6.031227e+00,6.531388e+00,6.944363e+00,7.506934e+00,8.090015e+00,8.742577e+00,9.286408e+00,9.842442e+00,1.026946e+01,1.020811e+01,1.028934e+01,1.019498e+01,1.068454e+01,1.079525e+01,1.039501e+01,1.083478e+01,1.161577e+01,1.111052e+01,1.144887e+01,1.477655e+01,1.730371e+01
2.236032e+32,2.868148e+32,3.757607e+32,4.972160e+32,6.508263e+32,8.202809e+32,9.862071e+32,1.133284e+33,9.661548e+32,6.092167e+32,3.325685e+32,1.806796e+32,1.099914e+32,7.276946e+31,5.428714e+31,4.261223e+31,3.210074e+31,2.295300e+31,1.741636e+31,1.275822e+31,8.923554e+30,6.071468e+30,3.783411e+30,2.047988e+30,8.400287e+29,3.056624e+29,1.827537e+29,1.032704e+29,4.819481e+28,2.878959e+28,1.822674e+28,7.558805e+27,2.243950e+27,1.834464e+27,8.729445e+26,7.532459e+26,6.530397e+26,3.130459e+26,3.300068e+26,1.141317e+27,1.737648e+28,9.484198e+27,7.839777e+27,5.858959e+27,6.833844e+27,2.670952e+27,4.086119e+27,4.891700e+27,1.827259e+27,1.807776e+27,1.606948e+27
2.203114e+32,2.830484e+32,3.718557e+32,4.926031e+32,6.496867e+32,8.314881e+32,1.014228e+33,1.179693e+33,1.035051e+33,6.866905e+32,3.868919e+32,2.126753e+32,1.275670e+32,8.524379e+31,6.129203e+31,4.723010e+31,3.570368e+31,2.618199e+31,1.975976e+31,1.462873e+31,1.088979e+31,7.592102e+30,4.829868e+30,2.910213e+30,1.459214e+30,5.120195e+29,1.944133e+29,1.413005e+29,7.801760e+28,4.750521e+28,2.307467e+28,7.240513e+27,4.287631e+27,2.559049e+27,1.326709e+27,9.344742e+26,5.474652e+26,4.527092e+26,2.224466e+26,2.817753e+26,2.370632e+26,1.368911e+26,8.043211e+27,7.818005e+27,6.145722e+27,7.218343e+27,3.841205e+27,4.783601e+27,2.185873e+27,4.795105e+27,2.867152e+27
1.923105e+32,2.466270e+32,3.234935e+32,4.307822e+32,5.812806e+32,7.703123e+32,9.683612e+32,1.153886e+33,1.069722e+33,7.708469e+32,4.562925e+32,2.599486e+32,1.498693e+32,1.006641e+32,7.412548e+31,5.612372e+31,4.220134e+31,3.140923e+31,2.407926e+31,1.804311e+31,1.365629e+31,9.554196e+30,6.441961e+30,3.964227e+30,2.315474e+30,1.059212e+30,4.615924e+29,2.082528e+29,1.303344e+29,5.837733e+28,3.078020e+28,1.495748e+28,7.965966e+27,4.902611e+27,1.789362e+27,8.061893e+26,5.894751e+26,4.698776e+26,3.275748e+26,2.684843e+26,1.725603e+26,1.903827e+26,7.957152e+25,1.363682e+26,1.674113e+27,1.536249e+28,5.213191e+27,4.561248e+27,4.616826e+27,1.915561e+27,1.699527e+27
1.818378e+32,2.328199e+32,3.041442e+32,4.031290e+32,5.461174e+32,7.365390e+32,9.437053e+32,1.139500e+33,1.081252e+33,8.180972e+32,4.978157e+32,2.937478e+32,1.710419e+32,1.119734e+32,8.204680e+31,6.211048e+31,4.612109e+31,3.508715e+31,2.671038e+31,2.016206e+31,1.565869e+31,1.119515e+31,7.922494e+30,5.133995e+30,3.170505e+30,1.677323e+30,7.296541e+29,2.947365e+29,1.749513e+29,8.226423e+28,2.518301e+28,1.981435e+28,1.473243e+28,6.435058e+27,2.574635e+27,8.502737e+26,4.048412e+26,4.417443e+26,3.783629e+26,3.412128e+26,1.106200e+26,2.664021e+26,2.096967e+26,9.391969e+25,2.811303e+26,9.908301e+25,5.575088e+27,1.075264e+28,4.783239e+27,4.597770e+27,1.979976e+27
1.756503e+32,2.252861e+32,2.953813e+32,3.940622e+32,5.384076e+32,7.302465e+32,9.410245e+32,1.146350e+33,1.107575e+33,8.546588e+32,5.326373e+32,3.187480e+32,1.889222e+32,1.236560e+32,8.935862e+31,6.701006e+31,5.003751e+31,3.759768e+31,2.836319e+31,2.224686e+31,1.732755e+31,1.241773e+31,9.215790e+30,6.157642e+30,3.965965e+30,2.479107e+30,1.162562e+30,4.775772e+29,2.121881e+29,8.751710e+28,3.259266e+28,2.247967e+28,1.535842e+28,9.043693e+27,3.425336e+27,1.321644e+27,7.320901e+26,5.233557e+26,3.850139e+26,2.043156e+26,3.634300e+26,1.056195e+26,2.708986e+26,2.989313e+26,1.670560e+26,4.031219e+25,4.236767e+25,4.778443e+27,9.454420e+27,2.350284e+27,2.365725e+27
1.650654e+32,2.113996e+32,2.764284e+32,3.673130e+32,5.011737e+32,6.841404e+32,8.889448e+32,1.089919e+33,1.062987e+33,8.386784e+32,5.307673e+32,3.253797e+32,1.980155e+32,1.296404e+32,9.531952e+31,7.257745e+31,5.433987e+31,4.146201e+31,3.173042e+31,2.517445e+31,1.944044e+31,1.438509e+31,1.059519e+31,7.378840e+30,4.835251e+30,3.007661e+30,1.685838e+30,7.681881e+29,2.742276e+29,9.515550e+28,5.400925e+28,3.973160e+28,1.892907e+28,9.083425e+27,5.633564e+27,1.300467e+27,7.900207e+26,5.348922e+26,4.463771e+26,1.826327e+26,3.005801e+26,3.174089e+26,1.085515e+26,3.469920e+26,1.038032e+26,4.365859e+25,5.790772e+26,5.801339e+27,1.184904e+28,6.281245e+27,2.792254e+27
1.598793e+32,2.045375e+32,2.669115e+32,3.537439e+32,4.812680e+32,6.583375e+32,8.614360e+32,1.064020e+33,1.047620e+33,8.453181e+32,5.439547e+32,3.385985e+32,2.105341e+32,1.376601e+32,1.009397e+32,7.560278e+31,5.657219e+31,4.299351e+31,3.317528e+31,2.667194e+31,2.102090e+31,1.553989e+31,1.178247e+31,8.487097e+30,5.592127e+30,3.558057e+30,2.155342e+30,1.088805e+30,4.795333e+29,1.789790e+29,7.555840e+28,5.019836e+28,2.374953e+28,1.538127e+28,4.749329e+27,2.333167e+27,7.120048e+26,2.850819e+26,4.883902e+26,4.250841e+26,1.177369e+26,3.648555e+26,1.170144e+26,3.418940e+26,1.246249e+26,4.271206e+25,1.024087e+27,7.136086e+27,1.221697e+28,5.065336e+27,2.884454e+27
1.549610e+32,1.979086e+32,2.575357e+32,3.405213e+32,4.627530e+32,6.350588e+32,8.348861e+32,1.034693e+33,1.025033e+33,8.406868e+32,5.507488e+32,3.487459e+32,2.200420e+32,1.471373e+32,1.073001e+32,8.072277e+31,5.980159e+31,4.566583e+31,3.587896e+31,2.904736e+31,2.292060e+31,1.741608e+31,1.327855e+31,9.514930e+30,6.235107e+30,4.079473e+30,2.662140e+30,1.531550e+30,8.276411e+29,3.827162e+29,1.664387e+29,6.728917e+28,4.138879e+28,2.443657e+28,6.347879e+27,2.467638e+27,1.043857e+27,6.312800e+26,2.322548e+26,4.493530e+26,4.144638e+26,1.115599e+26,4.672379e+26,1.294502e+26,7.099789e+25,3.949348e+25,3.639870e+27,1.004123e+28,6.186860e+27,1.291665e+28,3.470159e+27
1.533589e+32,1.957351e+32,2.540633e+32,3.346449e+32,4.524134e+32,6.196912e+32,8.167929e+32,1.015905e+33,1.007579e+33,8.334479e+32,5.491865e+32,3.532153e+32,2.262949e+32,1.537957e+32,1.124614e+32,8.395545e+31,6.203815e+31,4.738683e+31,3.727780e+31,3.020946e+31,2.429085e+31,1.837645e+31,1.346399e+31,9.401214e+30,6.627366e+30,4.364752e+30,2.828806e+30,1.755977e+30,1.073689e+30,5.835396e+29,3.031405e+29,1.266564e+29,4.475075e+28,2.347293e+28,1.046507e+28,3.421357e+27,1.416266e+27,7.053879e+26,6.672140e+26,3.609131e+26,4.631437e+26,1.377827e+26,5.521336e+26,1.069212e+26,4.139668e+25,1.463858e+27,7.596363e+27,1.241020e+28,1.720228e+28,1.023744e+28,1.854187e+25
1.510661e+32,1.927567e+32,2.497118e+32,3.276052e+32,4.407042e+32,6.036765e+32,7.995743e+32,9.981687e+32,9.917958e+32,8.304495e+32,5.530122e+32,3.656205e+32,2.406680e+32,1.660165e+32,1.197397e+32,8.859180e+31,6.549009e+31,4.911923e+31,3.988003e+31,3.247303e+31,2.523385e+31,1.916463e+31,1.481080e+31,1.069603e+31,7.439592e+30,4.790842e+30,3.398698e+30,2.112638e+30,1.427546e+30,9.038026e+29,5.203013e+29,2.313008e+29,8.346654e+28,3.032402e+28,1.549534e+28,3.641652e+27,1.425126e+27,9.318292e+26,9.905639e+26,1.396523e+26,5.558121e+26,9.452467e+25,5.454200e+26,2.684539e+26,5.982998e+27,1.247202e+28,1.654221e+28,2.310715e+28,8.246788e+27,1.137784e+28,4.005000e+27
1.470443e+32,1.877412e+32,2.431592e+32,3.178251e+32,4.249157e+32,5.808086e+32,7.717656e+32,9.656493e+32,9.594914e+32,8.132002e+32,5.510255e+32,3.781271e+32,2.585902e+32,1.799018e+32,1.295977e+32,9.707462e+31,7.267370e+31,5.426692e+31,4.363861e+31,3.524472e+31,2.733107e+31,2.076358e+31,1.572143e+31,1.146042e+31,8.105099e+30,5.281055e+30,3.740461e+30,2.565263e+30,1.842602e+30,1.302737e+30,8.754798e+29,4.819253e+29,2.230091e+29,7.353084e+28,1.928469e+28,8.146524e+27,3.554921e+27,1.086395e+27,1.226504e+27,7.579580e+26,2.222236e+26,1.040320e+27,4.731099e+27,2.058352e+28,2.048293e+28,2.424121e+28,2.971439e+28,1.303182e+28,1.601762e+28,1.010768e+28,3.301997e+23
1.401180e+32,1.780451e+32,2.289062e+32,2.974402e+32,3.930717e+32,5.315349e+32,7.087442e+32,8.984803e+32,9.084898e+32,8.099471e+32,5.884393e+32,4.165568e+32,2.874306e+32,2.034355e+32,1.485966e+32,1.106018e+32,8.648050e+31,6.663339e+31,5.102897e+31,4.250778e+31,3.308967e+31,2.492318e+31,1.910543e+31,1.404523e+31,1.124213e+31,7.915907e+30,5.586284e+30,3.718366e+30,2.666289e+30,2.065200e+30,1.485338e+30,9.835437e+29,6.095372e+29,3.703121e+29,2.105620e+29,9.839735e+28,3.933500e+28,1.373097e+28,1.484212e+28,2.736217e+28,3.721287e+28,5.042046e+28,3.402176e+28,3.360228e+28,3.384692e+28,3.169975e+28,2.583326e+28,2.519932e+28,1.448326e+28,5.304352e+27,4.185340e+27
1.367167e+32,1.738593e+32,2.235184e+32,2.899549e+32,3.809273e+32,5.107660e+32,6.778407e+32,8.591812e+32,8.665129e+32,7.733321e+32,5.668311e+32,4.052443e+32,2.825738e+32,2.013517e+32,1.518412e+32,1.127343e+32,8.464470e+31,6.712171e+31,5.376031e+31,4.598548e+31,3.438771e+31,2.809197e+31,2.167007e+31,1.618989e+31,1.252857e+31,9.772893e+30,6.952304e+30,4.790635e+30,3.773344e+30,2.739281e+30,2.287970e+30,1.441469e+30,9.863954e+29,5.892448e+29,3.455175e+29,1.901086e+29,1.136066e+29,6.603670e+28,4.459351e+28,4.765977e+28,4.460821e+28,4.895316e+28,3.120598e+28,2.816229e+28,4.066962e+28,2.708927e+28,1.318740e+28,2.129635e+28,1.560594e+28,7.188360e+26,7.031737e+25
4.246196e+31,5.488608e+31,7.327874e+31,9.930762e+31,1.335974e+32,1.729022e+32,2.122936e+32,2.478196e+32,2.234418e+32,1.511866e+32,9.203921e+31,5.826449e+31,3.697368e+31,2.412776e+31,1.766470e+31,1.363428e+31,1.015066e+31,7.206521e+30,5.472625e+30,4.081917e+30,2.969432e+30,2.173320e+30,1.533002e+30,1.044747e+30,6.548255e+29,3.751937e+29,2.338518e+29,1.362868e+29,7.722048e+28,4.516569e+28,2.874518e+28,1.779452e+28,1.075151e+28,8.498862e+27,6.023507e+27,3.808856e+27,2.328247e+27,1.395155e+27,9.266422e+26,1.333668e+27,4.198020e+27,2.554613e+27,2.089917e+27,1.401806e+27,1.597546e+27,5.715320e+26,7.978194e+26,9.826079e+26,3.605875e+26,3.430162e+26,3.091323e+26
3.967522e+31,5.122656e+31,6.817464e+31,9.212001e+31,1.252472e+32,1.662639e+32,2.085733e+32,2.467823e+32,2.283453e+32,1.611993e+32,9.741356e+31,6.253416e+31,4.073314e+31,2.724906e+31,1.937278e+31,1.476370e+31,1.108329e+31,8.113663e+30,6.151235e+30,4.586931e+30,3.526479e+30,2.602836e+30,1.826904e+30,1.288336e+30,8.576887e+29,5.144773e+29,3.057109e+29,1.936695e+29,1.137872e+29,6.961275e+28,4.095474e+28,2.333693e+28,1.627391e+28,1.141789e+28,8.121045e+27,5.023370e+27,3.166448e+27,2.051075e+27,1.303820e+27,9.693758e+26,6.615372e+26,5.918517e+26,2.817780e+27,2.148960e+27,1.747542e+27,1.989875e+27,1.049751e+27,1.036625e+27,4.648443e+26,9.972066e+26,6.267087e+26
3.330559e+31,4.280427e+31,5.649413e+31,7.620217e+31,1.058691e+32,1.457498e+32,1.881062e+32,2.271269e+32,2.191655e+32,1.650969e+32,1.016106e+32,6.466957e+31,4.263018e+31,2.973526e+31,2.200837e+31,1.670517e+31,1.257089e+31,9.442785e+30,7.300777e+30,5.561344e+30,4.323303e+30,3.163221e+30,2.288248e+30,1.585519e+30,1.098887e+30,7.209327e+29,4.886532e+29,3.305792e+29,2.058396e+29,1.219808e+29,7.442599e+28,4.340392e+28,2.762236e+28,1.876649e+28,1.237023e+28,7.668684e+27,4.874690e+27,3.079794e+27,2.168170e+27,1.634515e+27,1.155253e+27,7.775461e+26,5.741649e+26,3.915362e+26,1.100145e+27,3.819127e+27,1.474370e+27,1.166279e+27,1.277582e+27,4.884665e+26,4.706928e+26
3.150162e+31,4.039800e+31,5.301855e+31,7.087992e+31,9.793407e+31,1.367831e+32,1.806033e+32,2.214304e+32,2.173628e+32,1.715283e+32,1.065140e+32,6.909843e+31,4.588805e+31,3.196794e+31,2.380421e+31,1.812753e+31,1.350910e+31,1.036475e+31,7.975979e+30,6.112699e+30,4.852054e+30,3.604556e+30,2.696989e+30,1.906114e+30,1.341022e+30,9.063905e+29,5.916694e+29,3.996236e+29,2.632551e+29,1.661897e+29,9.875783e+28,6.147671e+28,3.979691e+28,2.594747e+28,1.589008e+28,9.958734e+27,6.498281e+27,4.225694e+27,3.068783e+27,2.349162e+27,1.756988e+27,1.267394e+27,9.369974e+26,6.648098e+26,4.637939e+26,4.061726e+26,1.876613e+27,2.380385e+27,1.311929e+27,1.305726e+27,5.639322e+26
3.009371e+31,3.863929e+31,5.084676e+31,6.846948e+31,9.599432e+31,1.354382e+32,1.791603e+32,2.201476e+32,2.186729e+32,1.731484e+32,1.086572e+32,7.032886e+31,4.709044e+31,3.370154e+31,2.508455e+31,1.907312e+31,1.440360e+31,1.099316e+31,8.391092e+30,6.687344e+30,5.321918e+30,3.943879e+30,3.077462e+30,2.210288e+30,1.570028e+30,1.152537e+30,7.316424e+29,4.969171e+29,3.269072e+29,2.207416e+29,1.404586e+29,9.236005e+28,5.818588e+28,3.703925e+28,2.220055e+28,1.395883e+28,8.713988e+27,5.632294e+27,4.222929e+27,3.014841e+27,2.105519e+27,1.611620e+27,1.133816e+27,1.018035e+27,3.347837e+26,2.014634e+26,4.887747e+26,1.810646e+27,2.278919e+27,5.908867e+26,6.802077e+26
2.840467e+31,3.639286e+31,4.765613e+31,6.367402e+31,8.864987e+31,1.252767e+32,1.667512e+32,2.063635e+32,2.064994e+32,1.674704e+32,1.068705e+32,6.930350e+31,4.670759e+31,3.390858e+31,2.592043e+31,2.014972e+31,1.528428e+31,1.191200e+31,9.211014e+30,7.448084e+30,5.878849e+30,4.483319e+30,3.454424e+30,2.555906e+30,1.828619e+30,1.298912e+30,8.896425e+29,5.961980e+29,3.754224e+29,2.611602e+29,1.803106e+29,1.235750e+29,7.841553e+28,4.711439e+28,2.946443e+28,1.750553e+28,1.091903e+28,7.257367e+27,5.295774e+27,3.884334e+27,2.660388e+27,2.045221e+27,1.498208e+27,1.114166e+27,4.311502e+26,2.927215e+26,8.873647e+26,2.335328e+27,3.027310e+27,1.110316e+27,5.036151e+26
2.740131e+31,3.506993e+31,4.584084e+31,6.105584e+31,8.456319e+31,1.193465e+32,1.599202e+32,1.998600e+32,2.020059e+32,1.674881e+32,1.081450e+32,6.966245e+31,4.681905e+31,3.393022e+31,2.642941e+31,2.032743e+31,1.557402e+31,1.212432e+31,9.507262e+30,7.806207e+30,6.277319e+30,4.793521e+30,3.774521e+30,2.873671e+30,2.044814e+30,1.447943e+30,1.020515e+30,6.734857e+29,4.508312e+29,3.261616e+29,2.245740e+29,1.584128e+29,1.020981e+29,6.370584e+28,3.762223e+28,2.273375e+28,1.426261e+28,9.580015e+27,6.928185e+27,4.881938e+27,3.471417e+27,2.478144e+27,2.121328e+27,1.073358e+27,5.658342e+26,4.241580e+26,1.318507e+27,2.927941e+27,3.402937e+27,9.709452e+26,5.658459e+26
2.610058e+31,3.336155e+31,4.351071e+31,5.778870e+31,7.966327e+31,1.121938e+32,1.509269e+32,1.894453e+32,1.926255e+32,1.630473e+32,1.081078e+32,7.043009e+31,4.669356e+31,3.404592e+31,2.670649e+31,2.068635e+31,1.581432e+31,1.235651e+31,9.998376e+30,8.278760e+30,6.710623e+30,5.263847e+30,4.186898e+30,3.159822e+30,2.228176e+30,1.591512e+30,1.160346e+30,7.904767e+29,5.565683e+29,4.073934e+29,3.036390e+29,2.212780e+29,1.473380e+29,9.501377e+28,5.365509e+28,3.170121e+28,2.018012e+28,1.392389e+28,1.009162e+28,6.709536e+27,5.136282e+27,3.536184e+27,2.990380e+27,1.101786e+27,8.599818e+26,1.000510e+27,2.720583e+27,3.877489e+27,1.943838e+27,2.760054e+27,7.964049e+26
2.591680e+31,3.309358e+31,4.300817e+31,5.682088e+31,7.771900e+31,1.089282e+32,1.468918e+32,1.858914e+32,1.901127e+32,1.630415e+32,1.088716e+32,7.113694e+31,4.792341e+31,3.533451e+31,2.735190e+31,2.101674e+31,1.609631e+31,1.265506e+31,1.022745e+31,8.458977e+30,7.001875e+30,5.486919e+30,4.219908e+30,3.096362e+30,2.332411e+30,1.666202e+30,1.200365e+30,8.469823e+29,6.208996e+29,4.596092e+29,3.667463e+29,2.656986e+29,1.771144e+29,1.115572e+29,6.771476e+28,4.144064e+28,2.696699e+28,1.861341e+28,1.375245e+28,9.122243e+27,6.709456e+27,5.303918e+27,3.396825e+27,1.405343e+27,1.225302e+27,2.348512e+27,4.094979e+27,4.108227e+27,3.974529e+27,2.270442e+27,4.416900e+25
2.513824e+31,3.209113e+31,4.163146e+31,5.479074e+31,7.444692e+31,1.042030e+32,1.413476e+32,1.801449e+32,1.851413e+32,1.612050e+32,1.090403e+32,7.346631e+31,5.142638e+31,3.774017e+31,2.843625e+31,2.177003e+31,1.676665e+31,1.287184e+31,1.081240e+31,8.956212e+30,7.198835e+30,5.649950e+30,4.551143e+30,3.460482e+30,2.577871e+30,1.794631e+30,1.378416e+30,9.515177e+29,7.274736e+29,5.470679e+29,4.221613e+29,3.141759e+29,2.151756e+29,1.367837e+29,8.723146e+28,5.478703e+28,3.792929e+28,2.600697e+28,1.841767e+28,1.358244e+28,8.879192e+27,7.991712e+27,3.661024e+27,3.191857e+27,4.590973e+27,5.757814e+27,6.424832e+27,5.530781e+27,1.941950e+27,2.604446e+27,7.097472e+26
2.416742e+31,3.087560e+31,4.005332e+31,5.250916e+31,7.080969e+31,9.908837e+31,1.361879e+32,1.750229e+32,1.802844e+32,1.598720e+32,1.092383e+32,7.718381e+31,5.613639e+31,4.069275e+31,2.985801e+31,2.319534e+31,1.824405e+31,1.406517e+31,1.165848e+31,9.650013e+30,7.850951e+30,6.173904e+30,4.868090e+30,3.734068e+30,2.796948e+30,1.980889e+30,1.501371e+30,1.125934e+30,8.723230e+29,6.794247e+29,5.285334e+29,3.824956e+29,2.621676e+29,1.737754e+29,1.144820e+29,7.916308e+28,5.799212e+28,4.106683e+28,2.748923e+28,2.225124e+28,1.478161e+28,1.463562e+28,7.787500e+27,1.130308e+28,8.905717e+27,9.296214e+27,8.868544e+27,3.263027e+27,3.616918e+27,2.558784e+27,8.964206e+25
2.254579e+31,2.866471e+31,3.690508e+31,4.806029e+31,6.400528e+31,8.951411e+31,1.250394e+32,1.634183e+32,1.724232e+32,1.618496e+32,1.174463e+32,8.449948e+31,6.010378e+31,4.353915e+31,3.273681e+31,2.491241e+31,2.009122e+31,1.613135e+31,1.284816e+31,1.146036e+31,9.275235e+30,7.288752e+30,5.935300e+30,4.506686e+30,3.971509e+30,2.928026e+30,2.338396e+30,1.615711e+30,1.321746e+30,1.088383e+30,8.957575e+29,5.531157e+29,3.967423e+29,2.889562e+29,2.110344e+29,1.570942e+29,1.188096e+29,8.961905e+28,6.462180e+28,6.125567e+28,5.329012e+28,4.355922e+28,2.368533e+28,1.913858e+28,1.719369e+28,1.887636e+28,8.842958e+27,7.023436e+27,6.784461e+27,1.959178e+27,1.014284e+27
2.201626e+31,2.800549e+31,3.603139e+31,4.680374e+31,6.175102e+31,8.536550e+31,1.180364e+32,1.534101e+32,1.604493e+32,1.492539e+32,1.075577e+32,7.629324e+31,5.417165e+31,3.998980e+31,3.149334e+31,2.429721e+31,1.888013e+31,1.542299e+31,1.300251e+31,1.186967e+31,9.213064e+30,7.922794e+30,6.513580e+30,5.113654e+30,4.190176e+30,3.535462e+30,2.655748e+30,1.941093e+30,1.658471e+30,1.316758e+30,1.121696e+30,7.177244e+29,5.450705e+29,4.157732e+29,3.024721e+29,2.194323e+29,1.689006e+29,1.308638e+29,8.686934e+28,7.988983e+28,6.247635e+28,5.292743e+28,2.544177e+28,2.090986e+28,2.256992e+28,2.551357e+28,8.451196e+27,8.257262e+27,1.107039e+28,2.712603e+27,5.794769e+26
-2.948440e+00,-2.934796e+00,-2.901261e+00,-2.858879e+00,-2.810266e+00,-2.763249e+00,-2.725934e+00,-2.698030e+00,-2.598639e+00,-2.473489e+00,-2.279985e+00,-2.008618e+00,-1.934899e+00,-1.959280e+00,-1.992621e+00,-2.022499e+00,-2.043418e+00,-2.056058e+00,-2.054619e+00,-2.022598e+00,-1.952873e+00,-1.823348e+00,-1.603366e+00,-1.194600e+00,-4.420486e-01,3.637688e-01,4.375781e-01,4.923521e-01,8.366724e-01,7.992422e-01,8.085712e-01,1.519558e+00,2.780797e+00,2.721114e+00,3.428153e+00,2.876432e+00,2.256206e+00,2.652306e+00,1.832417e+00,2.764283e-01,-2.521136e+00,-2.328074e+00,-2.346461e+00,-2.538362e+00,-2.579552e+00,-2.736537e+00,-2.899108e+00,-2.848732e+00,-2.880240e+00,-2.949879e+00,-2.925471e+00
-3.042595e+00,-3.033800e+00,-3.010858e+00,-2.975678e+00,-2.921705e+00,-2.856817e+00,-2.807038e+00,-2.776706e+00,-2.682364e+00,-2.572140e+00,-2.447792e+00,-2.172471e+00,-2.026131e+00,-2.024172e+00,-2.044200e+00,-2.063864e+00,-2.076208e+00,-2.079237e+00,-2.071202e+00,-2.058391e+00,-2.001151e+00,-1.899954e+00,-1.725471e+00,-1.446253e+00,-9.431593e-01,8.499014e-03,8.033769e-01,5.595363e-01,6.698076e-01,6.781724e-01,1.018269e+00,2.077148e+00,2.367301e+00,2.654319e+00,3.215537e+00,2.985015e+00,3.114922e+00,2.681516e+00,3.138527e+00,2.192861e+00,1.821387e+00,2.598457e+00,-1.861568e+00,-2.292079e+00,-2.231914e+00,-2.286946e+00,-2.302352e+00,-2.714091e+00,-2.747537e+00,-2.787160e+00,-2.698773e+00
-3.111939e+00,-3.108129e+00,-3.097130e+00,-3.074360e+00,-3.022567e+00,-2.954900e+00,-2.908212e+00,-2.884754e+00,-2.813665e+00,-2.734917e+00,-2.665751e+00,-2.469113e+00,-2.231301e+00,-2.164310e+00,-2.155225e+00,-2.150794e+00,-2.149424e+00,-2.133065e+00,-2.118013e+00,-2.088825e+00,-2.041359e+00,-1.961864e+00,-1.837018e+00,-1.626441e+00,-1.322800e+00,-6.828342e-01,1.011129e-01,8.201317e-01,8.110811e-01,1.307927e+00,1.567045e+00,1.890780e+00,2.206891e+00,2.382346e+00,3.431491e+00,3.997920e+00,3.749441e+00,3.336915e+00,3.354266e+00,3.205867e+00,3.374508e+00,2.497357e+00,3.507500e+00,1.871933e+00,-7.451424e-01,-2.470379e+00,-2.241525e+00,-2.420456e+00,-2.280175e+00,-2.425278e+00,-2.278686e+00
-3.111389e+00,-3.108565e+00,-3.100357e+00,-3.085110e+00,-3.050093e+00,-2.988021e+00,-2.934679e+00,-2.907569e+00,-2.847351e+00,-2.772677e+00,-2.736685e+00,-2.568497e+00,-2.335133e+00,-2.224783e+00,-2.196207e+00,-2.185656e+00,-2.179310e+00,-2.164255e+00,-2.145076e+00,-2.118127e+00,-2.079418e+00,-2.011367e+00,-1.912489e+00,-1.758520e+00,-1.527157e+00,-1.092372e+00,-3.720417e-01,5.403281e-01,7.252183e-01,1.248039e+00,2.425289e+00,2.009540e+00,1.763703e+00,2.474650e+00,3.230144e+00,4.367198e+00,4.926533e+00,4.007905e+00,3.715015e+00,3.424168e+00,4.907821e+00,2.768201e+00,2.656934e+00,3.473425e+00,8.885127e-01,2.503947e+00,-1.932491e+00,-2.676227e+00,-2.295938e+00,-2.234161e+00,-2.229003e+00
-3.131095e+00,-3.129182e+00,-3.122702e+00,-3.106143e+00,-3.060364e+00,-2.990329e+00,-2.943867e+00,-2.928519e+00,-2.879376e+00,-2.833589e+00,-2.821325e+00,-2.682136e+00,-2.465692e+00,-2.307190e+00,-2.254737e+00,-2.230169e+00,-2.210170e+00,-2.182437e+00,-2.161588e+00,-2.133302e+00,-2.095108e+00,-2.035645e+00,-1.946642e+00,-1.818426e+00,-1.644644e+00,-1.359391e+00,-8.218989e-01,7.045553e-02,7.670817e-01,1.641987e+00,2.592699e+00,2.507964e+00,2.364019e+00,2.502333e+00,3.316986e+00,4.183662e+00,4.395833e+00,4.216984e+00,4.250694e+00,4.777162e+00,3.117875e+00,4.836647e+00,2.540828e+00,2.174888e+00,1.233774e+00,2.855599e+00,4.340343e+00,-1.722337e+00,-2.525176e+00,-2.450431e+00,-2.212206e+00
-3.123302e+00,-3.122573e+00,-3.120022e+00,-3.110256e+00,-3.074441e+00,-3.012997e+00,-2.970213e+00,-2.953686e+00,-2.908109e+00,-2.859267e+00,-2.844509e+00,-2.744749e+00,-2.563614e+00,-2.380200e+00,-2.311172e+00,-2.274363e+00,-2.251237e+00,-2.213607e+00,-2.195228e+00,-2.161501e+00,-2.122671e+00,-2.069132e+00,-1.989116e+00,-1.881678e+00,-1.725782e+00,-1.490199e+00,-1.134460e+00,-4.498483e-01,5.574583e-01,1.791893e+00,2.139587e+00,2.013888e+00,2.522589e+00,2.921574e+00,2.936331e+00,4.614157e+00,4.661030e+00,4.628202e+00,4.390010e+00,5.426023e+00,3.870011e+00,3.306609e+00,4.658540e+00,2.070429e+00,2.527268e+00,3.377160e+00,7.575279e-01,-1.614970e+00,-2.421866e+00,-3.075622e+00,-3.039893e+00
-3.130472e+00,-3.129724e+00,-3.126769e+00,-3.117970e+00,-3.086274e+00,-3.030832e+00,-2.988660e+00,-2.967835e+00,-2.921311e+00,-2.873075e+00,-2.867026e+00,-2.806258e+00,-2.668184e+00,-2.485599e+00,-2.378335e+00,-2.331261e+00,-2.289360e+00,-2.246627e+00,-2.218076e+00,-2.180705e+00,-2.144998e+00,-2.087442e+00,-2.020345e+00,-1.922050e+00,-1.785560e+00,-1.595686e+00,-1.326927e+00,-8.525678e-01,-1.095424e-01,1.065111e+00,1.933307e+00,2.039658e+00,2.588341e+00,2.522237e+00,3.673146e+00,4.040591e+00,5.319680e+00,6.237874e+00,4.707238e+00,4.332347e+00,6.005742e+00,3.400130e+00,5.142534e+00,2.030472e+00,2.685285e+00,4.074313e+00,4.484932e-01,-1.581122e+00,-2.268548e+00,-2.931830e+00,-2.890767e+00
-3.161332e+00,-3.159886e+00,-3.155893e+00,-3.147965e+00,-3.122586e+00,-3.076628e+00,-3.035824e+00,-3.013212e+00,-2.967018e+00,-2.911018e+00,-2.889667e+00,-2.839215e+00,-2.751343e+00,-2.597722e+00,-2.468278e+00,-2.416496e+00,-2.360713e+00,-2.319982e+00,-2.267734e+00,-2.227811e+00,-2.180086e+00,-2.123625e+00,-2.048475e+00,-1.956463e+00,-1.826308e+00,-1.670605e+00,-1.473829e+00,-1.173863e+00,-7.042290e-01,1.109004e-01,1.067042e+00,2.112779e+00,2.253520e+00,2.410096e+00,3.788268e+00,4.531273e+00,5.256609e+00,5.490595e+00,6.693944e+00,4.798175e+00,4.467390e+00,6.134195e+00,3.294623e+00,3.800578e+00,4.426857e+00,5.736438e+00,-5.166526e-01,-1.688759e+00,-2.054818e+00,-2.739016e+00,-2.612260e+00
-3.155428e+00,-3.154600e+00,-3.152418e+00,-3.147045e+00,-3.126334e+00,-3.085577e+00,-3.045035e+00,-3.014299e+00,-2.959843e+00,-2.895731e+00,-2.872131e+00,-2.844092e+00,-2.754933e+00,-2.610339e+00,-2.509280e+00,-2.458063e+00,-2.394511e+00,-2.343268e+00,-2.295411e+00,-2.259212e+00,-2.207733e+00,-2.145227e+00,-2.059152e+00,-1.971131e+00,-1.853450e+00,-1.709175e+00,-1.521424e+00,-1.294020e+00,-9.720420e-01,-4.237122e-01,3.380566e-01,1.314935e+00,2.441594e+00,2.766389e+00,3.314047e+00,4.426792e+00,5.229657e+00,5.808780e+00,5.370350e+00,5.732363e+00,4.744504e+00,6.479010e+00,3.224498e+00,4.571830e+00,6.012621e+00,8.389678e-01,-1.096673e+00,-1.962109e+00,-2.600348e+00,-2.673010e+00,1.540526e+00
-3.182827e+00,-3.181978e+00,-3.179498e+00,-3.173884e+00,-3.156134e+00,-3.117816e+00,-3.075504e+00,-3.038772e+00,-2.978849e+00,-2.909439e+00,-2.881703e+00,-2.848171e+00,-2.739016e+00,-2.629147e+00,-2.551575e+00,-2.490965e+00,-2.418201e+00,-2.376850e+00,-2.316460e+00,-2.286075e+00,-2.226095e+00,-2.167796e+00,-2.094245e+00,-2.002818e+00,-1.881043e+00,-1.742705e+00,-1.601696e+00,-1.415655e+00,-1.196466e+00,-8.910256e-01,-3.709734e-01,5.435089e-01,1.680767e+00,2.673692e+00,3.066929e+00,4.811557e+00,5.823996e+00,5.908313e+00,5.187420e+00,8.124006e+00,4.918081e+00,7.875394e+00,3.379149e+00,4.393877e+00,-4.700243e-01,-1.371809e+00,-1.678524e+00,-2.537656e+00,-2.566618e+00,-2.616874e+00,-3.071125e+00
-3.204837e+00,-3.203718e+00,-3.200891e+00,-3.195582e+00,-3.180285e+00,-3.138602e+00,-3.078677e+00,-3.031181e+00,-2.967259e+00,-2.886924e+00,-2.872095e+00,-2.820256e+00,-2.710962e+00,-2.638019e+00,-2.605400e+00,-2.540701e+00,-2.453047e+00,-2.396381e+00,-2.342595e+00,-2.299020e+00,-2.213888e+00,-2.152620e+00,-2.080659e+00,-1.990281e+00,-1.888342e+00,-1.740350e+00,-1.620106e+00,-1.461469e+00,-1.327162e+00,-1.155363e+00,-8.956898e-01,-4.101104e-01,2.871144e-01,1.526446e+00,3.161136e+00,4.035789e+00,4.955243e+00,6.446731e+00,5.519017e+00,5.998038e+00,7.449714e+00,4.692492e+00,8.845020e-01,-1.063853e+00,-1.478242e+00,-1.701068e+00,-2.145968e+00,-2.457658e+00,-2.641046e+00,-2.438179e+00,9.945865e+00
-3.242477e+00,-3.241473e+00,-3.238975e+00,-3.235060e+00,-3.221340e+00,-3.161610e+00,-3.079070e+00,-3.024983e+00,-2.949447e+00,-2.857990e+00,-2.860104e+00,-2.831325e+00,-2.777426e+00,-2.736215e+00,-2.684828e+00,-2.645490e+00,-2.590586e+00,-2.517474e+00,-2.447815e+00,-2.326418e+00,-2.257342e+00,-2.182077e+00,-2.074859e+00,-2.017471e+00,-1.846736e+00,-1.765137e+00,-1.545598e+00,-1.479326e+00,-1.245450e+00,-1.136830e+00,-8.975746e-01,-1.021575e+00,-7.621294e-01,-4.402809e-01,3.977771e-03,8.303151e-01,1.961896e+00,3.329404e+00,2.610902e+00,1.430316e+00,6.373300e-01,-2.596123e-01,-6.427405e-01,-9.990224e-01,-1.202094e+00,-9.200627e-01,-1.902677e+00,-2.267443e+00,-1.345948e+00,-1.767722e+00,-2.515635e+00
-3.241046e+00,-3.240542e+00,-3.239224e+00,-3.236844e+00,-3.229276e+00,-3.175093e+00,-3.102236e+00,-3.057770e+00,-2.993227e+00,-2.919679e+00,-2.949805e+00,-2.963777e+00,-2.931611e+00,-2.868864e+00,-2.791892e+00,-2.723762e+00,-2.662851e+00,-2.610132e+00,-2.519163e+00,-2.403704e+00,-2.337570e+00,-2.246456e+00,-2.133406e+00,-2.045428e+00,-1.943902e+00,-1.804578e+00,-1.707989e+00,-1.603390e+00,-1.459016e+00,-1.300094e+00,-1.265130e+00,-1.237638e+00,-1.052719e+00,-6.188818e-01,-2.361469e-01,2.545940e-01,7.038380e-01,1.213880e+00,1.183478e+00,9.168009e-01,5.978830e-01,1.385385e-01,-3.624489e-01,-5.284748e-01,-1.045125e+00,-1.063598e-01,-7.897114e-01,-1.681537e+00,-6.094330e-01,2.357011e+00,3.743279e+00