 #  cstSFR_5Myr_BPASSv2.2.1_kroupa_binary_MMax=100
 # Modelfile  models/yor/BPASSv2.2.1_imf135_100-bin.yor
 # Data model:
 # Number of ages (int)
 # Number of Metallicities (int)
 # Ages (Myr) 1D float array
 # Metallicities (absolute, not /0.02) 1D float array
 # Emissivity (age,Z) 2D float array, Number of ages rows, number of metallicities lines
 # in phot/s/Msun of initial stellar mass
 # MAB1600 (age,Z) 2D float array, Number of ages rows, number of metallicities lines
 # Contbetalow (age,Z) 2D float array, Number of ages rows, number of metallicities lines, Continuum at low lambda end of band for estimating beta: 1500 Angstrom
 # Contbetahigh (age,Z) 2D float array, Number of ages rows, number of metallicities lines, Continuum at high lambda end of band for estimating beta : 2500 Angstrom
 # betas (age,Z) 2D float array, Number of ages rows, number of metallicities lines, Continuum at high lambda end of band for estimating beta
51
13
1.000000e+00,1.258925e+00,1.584893e+00,1.995262e+00,2.511886e+00,3.162278e+00,3.981072e+00,5.011872e+00,6.309573e+00,7.943282e+00,1.000000e+01,1.258925e+01,1.584893e+01,1.995262e+01,2.511886e+01,3.162278e+01,3.981072e+01,5.011872e+01,6.309573e+01,7.943282e+01,1.000000e+02,1.258925e+02,1.584893e+02,1.995262e+02,2.511886e+02,3.162278e+02,3.981072e+02,5.011872e+02,6.309573e+02,7.943282e+02,1.000000e+03,1.258925e+03,1.584893e+03,1.995262e+03,2.511886e+03,3.162278e+03,3.981072e+03,5.011872e+03,6.309573e+03,7.943282e+03,1.000000e+04,1.258925e+04,1.584893e+04,1.995262e+04,2.511886e+04,3.162278e+04,3.981072e+04,5.011872e+04,6.309573e+04,7.943282e+04,1.000000e+05
4.000000e-02,3.000000e-02,2.000000e-02,1.400000e-02,1.000000e-02,8.000000e-03,6.000000e-03,4.000000e-03,3.000000e-03,2.000000e-03,1.000000e-03,1.000000e-04,1.000000e-05
4.841430e+45,6.020788e+45,7.285593e+45,8.558549e+45,9.779558e+45,1.102164e+46,1.212237e+46,1.281535e+46,7.105644e+45,3.087900e+45,1.145956e+45,5.484014e+44,2.939947e+44,1.663247e+44,1.124946e+44,7.394376e+43,4.348013e+43,3.197488e+43,2.507412e+43,1.753027e+43,1.101911e+43,8.307127e+42,5.463676e+42,2.493664e+42,1.890756e+42,9.438247e+41,3.879815e+41,3.217611e+41,1.451253e+41,1.223378e+41,1.280514e+41,7.712702e+40,4.403900e+40,4.074150e+40,5.064572e+40,3.234656e+40,3.705819e+40,2.531762e+40,1.834627e+40,6.249398e+38,3.058539e+41,2.692978e+41,1.550588e+41,1.684265e+41,1.126705e+41,5.400458e+40,4.605203e+40,1.168061e+41,3.292785e+40,8.126309e+39,5.544647e+39
5.115346e+45,6.378892e+45,7.797337e+45,9.312027e+45,1.078822e+46,1.225009e+46,1.357677e+46,1.448593e+46,8.552017e+45,3.839461e+45,1.457692e+45,6.670409e+44,3.292562e+44,1.946069e+44,1.204026e+44,7.381902e+43,5.052122e+43,3.284758e+43,2.442784e+43,1.985372e+43,1.237222e+43,8.486079e+42,5.130249e+42,2.231148e+42,1.662697e+42,9.898441e+41,3.316718e+41,2.991186e+41,1.487717e+41,1.062344e+41,1.195294e+41,8.154993e+40,2.332294e+40,5.210073e+40,4.821918e+40,4.099730e+40,2.937806e+40,2.481323e+40,1.668248e+40,1.504146e+40,9.956173e+39,8.668293e+38,1.650384e+38,1.189704e+41,2.152475e+41,2.577951e+41,1.048720e+41,1.112987e+41,4.637097e+40,8.296117e+40,6.517551e+40
5.563610e+45,6.990547e+45,8.705646e+45,1.068391e+46,1.273487e+46,1.482332e+46,1.684145e+46,1.832111e+46,1.208045e+46,5.869726e+45,2.163930e+45,9.199922e+44,4.210875e+44,2.141776e+44,1.251469e+44,8.159956e+43,5.583137e+43,3.858381e+43,3.533879e+43,2.165667e+43,1.430284e+43,9.382406e+42,7.418918e+42,3.528294e+42,3.288436e+42,1.417956e+42,4.589175e+41,3.777458e+41,2.103551e+41,1.511860e+41,1.108225e+41,6.164480e+40,3.585884e+40,5.381787e+40,4.243849e+40,3.474792e+40,2.639285e+40,2.411063e+40,1.626341e+40,1.066238e+40,1.131506e+40,7.364311e+39,6.385172e+39,2.513473e+39,1.083813e+37,6.838393e+40,1.999982e+41,1.975988e+41,1.462981e+41,7.454058e+40,5.700500e+40
5.787674e+45,7.296645e+45,9.164426e+45,1.140076e+46,1.380529e+46,1.618057e+46,1.841763e+46,2.011432e+46,1.371676e+46,6.642527e+45,2.490507e+45,1.013872e+45,4.791146e+44,2.465780e+44,1.409603e+44,8.646746e+43,6.290955e+43,3.620872e+43,3.309965e+43,1.998202e+43,1.587020e+43,1.100247e+43,6.619373e+42,3.413924e+42,2.505816e+42,1.369522e+42,4.451556e+41,3.167177e+41,1.640972e+41,1.649079e+41,8.521514e+40,7.374470e+40,3.419344e+40,4.361292e+40,5.124393e+40,3.128954e+40,2.416067e+40,1.737944e+40,1.481268e+40,1.296216e+40,7.477300e+39,7.707018e+39,6.643414e+39,5.752878e+39,4.935593e+39,1.765201e+39,4.741775e+35,7.617784e+40,2.108612e+41,1.758002e+41,7.344074e+40
6.175929e+45,7.830738e+45,9.963297e+45,1.255565e+46,1.540572e+46,1.837377e+46,2.126775e+46,2.346884e+46,1.682449e+46,8.525044e+45,3.108814e+45,1.202298e+45,5.513035e+44,2.720755e+44,1.568826e+44,9.512441e+43,6.286780e+43,4.561156e+43,2.702716e+43,1.743169e+43,1.385871e+43,1.033003e+43,6.146540e+42,3.586701e+42,2.181723e+42,1.245964e+42,7.039713e+41,3.378858e+41,2.102379e+41,1.355676e+41,9.688929e+40,2.796986e+40,4.592884e+40,4.777812e+40,3.767292e+40,2.541505e+40,2.331632e+40,2.059289e+40,1.122352e+40,1.123264e+40,8.907053e+39,6.642916e+39,7.053303e+39,5.185842e+39,5.382520e+39,3.012413e+39,1.358175e+39,1.125426e+35,6.630308e+40,1.146723e+41,8.476377e+40
6.394230e+45,8.123753e+45,1.039873e+46,1.325116e+46,1.652835e+46,2.002504e+46,2.342982e+46,2.605214e+46,1.940456e+46,1.010370e+46,3.676482e+45,1.337841e+45,6.005128e+44,2.944527e+44,1.660126e+44,1.027225e+44,6.555433e+43,4.786673e+43,3.275063e+43,2.471136e+43,1.503596e+43,1.494948e+43,8.201297e+42,5.026586e+42,3.313597e+42,2.141483e+42,1.253445e+42,5.636400e+41,3.807280e+41,1.937662e+41,7.916297e+40,5.334269e+40,3.538231e+40,4.779744e+40,3.285591e+40,2.558698e+40,2.357717e+40,1.633361e+40,1.410196e+40,8.482098e+39,7.737170e+39,7.665660e+39,6.037603e+39,4.845029e+39,5.077233e+39,3.054271e+39,2.855617e+39,2.956299e+36,2.089379e+40,2.777455e+41,1.133079e+41
6.566682e+45,8.356896e+45,1.073361e+46,1.375286e+46,1.734148e+46,2.127607e+46,2.508607e+46,2.804047e+46,2.139923e+46,1.136274e+46,4.137123e+45,1.471957e+45,6.676993e+44,3.352646e+44,1.815462e+44,1.120287e+44,6.612712e+43,5.271074e+43,3.257057e+43,2.191823e+43,1.976545e+43,1.056658e+43,7.961855e+42,5.135483e+42,3.492312e+42,2.319302e+42,1.551193e+42,6.255422e+41,4.877571e+41,2.117046e+41,1.197210e+41,8.173660e+40,8.165819e+40,4.887242e+40,3.638611e+40,2.670920e+40,1.807861e+40,1.369509e+40,1.331042e+40,8.675471e+39,6.532022e+39,7.755542e+39,5.818760e+39,4.305112e+39,5.020187e+39,2.975819e+39,2.739028e+39,2.058210e+39,2.696788e+38,6.116118e+40,1.144693e+41
6.755201e+45,8.620381e+45,1.114128e+46,1.439074e+46,1.836695e+46,2.289652e+46,2.738078e+46,3.105863e+46,2.485021e+46,1.419453e+46,5.721638e+45,2.139945e+45,9.642431e+44,4.727008e+44,2.170131e+44,1.088992e+44,7.107834e+43,5.311650e+43,3.500159e+43,2.187888e+43,2.243346e+43,1.326124e+43,7.787184e+42,5.945946e+42,3.847280e+42,2.197382e+42,1.773220e+42,8.347222e+41,4.854597e+41,2.427433e+41,1.161650e+41,7.488826e+40,7.115752e+40,5.026351e+40,3.420087e+40,2.508821e+40,1.767483e+40,1.518780e+40,8.222369e+39,9.896493e+39,8.084383e+39,4.076330e+39,6.816823e+39,3.559130e+39,4.344729e+39,2.796090e+39,2.532193e+39,2.039464e+39,2.771304e+37,8.451111e+40,1.268881e+41
6.852855e+45,8.758412e+45,1.135771e+46,1.474364e+46,1.898241e+46,2.392174e+46,2.886582e+46,3.289695e+46,2.672793e+46,1.547685e+46,6.227609e+45,2.498131e+45,1.141994e+45,5.071765e+44,2.241841e+44,1.168071e+44,7.673881e+43,5.225504e+43,4.591817e+43,2.827363e+43,2.439346e+43,1.698085e+43,8.039158e+42,5.429707e+42,2.985113e+42,2.061680e+42,1.413098e+42,3.929588e+41,2.425218e+41,1.695048e+41,9.279008e+40,6.820603e+40,6.925585e+40,4.223621e+40,3.104291e+40,2.329421e+40,1.676478e+40,1.469652e+40,8.796965e+39,6.943268e+39,8.051721e+39,5.800472e+39,6.418250e+39,3.426272e+39,2.745430e+39,2.567906e+39,2.311369e+39,2.300377e+39,5.428106e+40,2.305139e+41,4.272494e+37
6.956102e+45,8.909490e+45,1.161370e+46,1.517609e+46,1.972070e+46,2.511973e+46,3.059550e+46,3.503053e+46,2.898461e+46,1.718254e+46,7.120922e+45,3.015975e+45,1.323953e+45,5.256953e+44,2.424155e+44,1.277799e+44,8.512847e+43,6.427810e+43,4.052192e+43,2.983120e+43,2.037837e+43,1.275275e+43,6.840399e+42,4.243440e+42,3.111916e+42,1.632426e+42,9.629868e+41,4.353750e+41,2.201227e+41,1.591827e+41,7.766635e+40,8.046374e+40,7.575237e+40,4.461821e+40,3.038779e+40,2.419696e+40,1.396903e+40,1.394396e+40,9.508987e+39,6.002849e+39,8.239509e+39,5.026231e+39,4.925528e+39,4.390993e+39,2.644123e+39,2.405180e+39,3.956818e+39,4.090156e+40,1.122893e+41,2.196400e+41,9.126958e+40
6.981258e+45,8.960094e+45,1.174821e+46,1.547915e+46,2.033201e+46,2.623038e+46,3.220550e+46,3.714437e+46,3.167078e+46,1.959080e+46,8.847194e+45,3.928582e+45,1.607861e+45,5.283746e+44,2.512195e+44,1.334168e+44,8.678512e+43,6.307659e+43,4.542541e+43,2.916807e+43,1.999204e+43,1.310428e+43,6.115742e+42,3.803224e+42,1.836243e+42,1.267535e+42,7.268233e+41,3.970162e+41,1.876040e+41,1.339727e+41,9.777095e+40,1.116945e+41,5.115881e+40,4.232714e+40,3.122184e+40,1.872028e+40,1.713869e+40,8.798106e+39,8.447965e+39,8.921997e+39,5.043280e+39,6.973926e+39,2.785531e+39,3.475674e+39,2.366564e+39,2.342998e+39,1.446988e+40,5.737374e+40,2.684817e+41,2.926469e+41,1.650067e+30
7.311391e+45,9.338000e+45,1.215935e+46,1.608523e+46,2.157431e+46,2.851048e+46,3.576340e+46,4.239838e+46,3.856522e+46,2.674744e+46,1.406487e+46,6.381703e+45,2.365889e+45,7.158976e+44,2.310409e+44,8.206880e+43,5.002499e+43,3.541061e+43,2.310875e+43,1.604425e+43,1.117094e+43,7.472621e+42,3.804204e+42,1.683029e+42,1.004699e+42,4.488199e+41,4.069995e+41,1.736889e+41,1.121287e+41,6.958823e+40,9.435830e+40,4.608125e+40,3.439642e+40,2.390910e+40,2.067549e+40,1.542167e+40,1.494904e+40,5.955615e+39,9.134526e+39,1.060306e+40,4.312316e+39,1.134463e+40,2.574772e+39,1.122649e+39,1.384463e+39,4.598226e+39,1.212765e+40,1.338447e+41,3.253707e+41,1.400593e+41,1.070581e+41
7.555250e+45,9.644450e+45,1.251776e+46,1.649627e+46,2.215039e+46,2.952992e+46,3.745893e+46,4.491147e+46,4.178146e+46,3.048760e+46,1.691218e+46,7.775014e+45,2.818738e+45,9.657175e+44,3.027901e+44,9.045925e+43,3.776791e+43,1.889581e+43,1.114194e+43,6.856405e+42,4.241647e+42,2.912099e+42,1.304648e+42,1.061887e+42,8.574632e+41,4.174584e+41,2.442985e+41,1.417492e+41,8.253352e+40,5.768385e+40,4.105817e+40,4.931116e+40,3.810394e+40,2.333304e+40,1.988860e+40,1.736347e+40,1.999207e+40,6.908644e+39,1.730684e+40,1.375981e+40,2.100567e+39,2.180094e+40,2.883193e+39,3.709633e+38,8.783740e+38,2.401646e+39,1.580858e+40,2.466905e+41,3.792720e+41,9.015454e+39,1.766108e+37
1.261241e+00,9.944156e-01,7.089925e-01,4.142825e-01,1.251950e-01,-1.306484e-01,-3.350282e-01,-4.874034e-01,-3.143348e-01,1.563539e-01,7.575732e-01,1.307650e+00,1.791210e+00,2.198824e+00,2.514446e+00,2.807406e+00,3.128086e+00,3.499946e+00,3.808645e+00,4.153769e+00,4.546738e+00,4.962850e+00,5.461147e+00,6.076562e+00,6.920661e+00,7.907746e+00,8.605490e+00,9.357041e+00,1.017086e+01,1.071693e+01,1.121502e+01,1.213975e+01,1.340927e+01,1.350483e+01,1.433810e+01,1.469751e+01,1.489455e+01,1.565328e+01,1.562433e+01,1.415950e+01,1.148189e+01,1.216486e+01,1.237809e+01,1.269895e+01,1.256182e+01,1.358038e+01,1.315352e+01,1.293588e+01,1.402800e+01,1.406322e+01,1.417938e+01
1.271684e+00,1.003711e+00,7.160304e-01,4.201420e-01,1.240086e-01,-1.473414e-01,-3.665289e-01,-5.315540e-01,-3.868386e-01,3.970985e-02,6.251193e-01,1.165221e+00,1.648845e+00,2.055892e+00,2.392763e+00,2.693040e+00,3.011931e+00,3.353608e+00,3.665832e+00,3.999341e+00,4.325042e+00,4.718309e+00,5.202109e+00,5.725946e+00,6.405771e+00,7.394603e+00,8.383712e+00,8.946793e+00,9.650878e+00,1.018151e+01,1.096756e+01,1.221116e+01,1.271815e+01,1.322503e+01,1.383400e+01,1.449313e+01,1.508277e+01,1.528707e+01,1.602716e+01,1.580000e+01,1.599147e+01,1.661134e+01,1.212091e+01,1.236828e+01,1.260317e+01,1.240942e+01,1.312444e+01,1.291815e+01,1.377358e+01,1.293668e+01,1.348530e+01
1.360884e+00,1.094355e+00,8.085679e-01,5.093462e-01,1.943274e-01,-1.064043e-01,-3.519849e-01,-5.389851e-01,-4.439338e-01,-9.063201e-02,4.624020e-01,1.003303e+00,1.495960e+00,1.898205e+00,2.218137e+00,2.516230e+00,2.833920e+00,3.154848e+00,3.446317e+00,3.763335e+00,4.069462e+00,4.460491e+00,4.887216e+00,5.403993e+00,5.960696e+00,6.731766e+00,7.515385e+00,8.347116e+00,9.025992e+00,9.956806e+00,1.065064e+01,1.143544e+01,1.207269e+01,1.254731e+01,1.355313e+01,1.445942e+01,1.495071e+01,1.524826e+01,1.563108e+01,1.586899e+01,1.631557e+01,1.622359e+01,1.715506e+01,1.660944e+01,1.383536e+01,1.150429e+01,1.273621e+01,1.292991e+01,1.286866e+01,1.387926e+01,1.397012e+01
1.390557e+00,1.124103e+00,8.389430e-01,5.416522e-01,2.246875e-01,-9.105557e-02,-3.555794e-01,-5.562949e-01,-4.857132e-01,-1.803469e-01,3.511160e-01,8.744081e-01,1.369942e+00,1.787768e+00,2.115670e+00,2.414845e+00,2.739535e+00,3.035110e+00,3.332807e+00,3.640183e+00,3.918043e+00,4.284962e+00,4.661210e+00,5.128590e+00,5.639259e+00,6.291136e+00,7.097923e+00,7.954629e+00,8.626135e+00,9.542388e+00,1.083389e+01,1.114464e+01,1.142566e+01,1.222069e+01,1.323083e+01,1.437794e+01,1.528927e+01,1.531197e+01,1.548749e+01,1.560141e+01,1.680250e+01,1.587680e+01,1.613346e+01,1.698953e+01,1.582596e+01,1.633134e+01,1.253893e+01,1.189624e+01,1.284040e+01,1.286288e+01,1.377770e+01
1.401271e+00,1.132746e+00,8.427704e-01,5.365717e-01,2.058199e-01,-1.199727e-01,-3.906743e-01,-5.980980e-01,-5.457609e-01,-2.512934e-01,2.704049e-01,7.941793e-01,1.281146e+00,1.687749e+00,2.029222e+00,2.337524e+00,2.653477e+00,2.960609e+00,3.267386e+00,3.532358e+00,3.805599e+00,4.169214e+00,4.494386e+00,4.930458e+00,5.402552e+00,5.896794e+00,6.671138e+00,7.516904e+00,8.344264e+00,9.346685e+00,1.052189e+01,1.098486e+01,1.137126e+01,1.192528e+01,1.295232e+01,1.388004e+01,1.466314e+01,1.513017e+01,1.547277e+01,1.613100e+01,1.553673e+01,1.686157e+01,1.585561e+01,1.576008e+01,1.636825e+01,1.789704e+01,1.693515e+01,1.270420e+01,1.202879e+01,1.364299e+01,1.358152e+01
1.450439e+00,1.182860e+00,8.943597e-01,5.905448e-01,2.610894e-01,-6.917240e-02,-3.467328e-01,-5.606721e-01,-5.185293e-01,-2.470018e-01,2.570036e-01,7.721455e-01,1.251679e+00,1.643362e+00,1.963202e+00,2.254783e+00,2.568114e+00,2.858243e+00,3.147934e+00,3.399998e+00,3.682000e+00,4.009862e+00,4.343707e+00,4.736205e+00,5.191922e+00,5.699280e+00,6.305272e+00,7.086157e+00,8.084379e+00,9.146944e+00,9.932235e+00,1.036590e+01,1.113894e+01,1.193457e+01,1.242967e+01,1.392762e+01,1.458004e+01,1.510100e+01,1.530606e+01,1.622894e+01,1.573021e+01,1.568392e+01,1.682844e+01,1.558164e+01,1.688306e+01,1.781258e+01,1.483366e+01,1.249167e+01,1.174273e+01,1.266081e+01,1.354113e+01
1.471290e+00,1.204468e+00,9.171478e-01,6.145590e-01,2.864357e-01,-4.674350e-02,-3.320658e-01,-5.544038e-01,-5.239588e-01,-2.765004e-01,2.101186e-01,7.149797e-01,1.193861e+00,1.593311e+00,1.905044e+00,2.213399e+00,2.525522e+00,2.820903e+00,3.101323e+00,3.338229e+00,3.597199e+00,3.925890e+00,4.226853e+00,4.583196e+00,5.034907e+00,5.522626e+00,6.057888e+00,6.767138e+00,7.583976e+00,8.520946e+00,9.471962e+00,1.007758e+01,1.092318e+01,1.139161e+01,1.259341e+01,1.337195e+01,1.466094e+01,1.574029e+01,1.519639e+01,1.530849e+01,1.673481e+01,1.552888e+01,1.675152e+01,1.559109e+01,1.668784e+01,1.783490e+01,1.430161e+01,1.226813e+01,1.168326e+01,1.273865e+01,1.350496e+01
1.489518e+00,1.224188e+00,9.391535e-01,6.378532e-01,3.090219e-01,-2.926140e-02,-3.214846e-01,-5.496752e-01,-5.299763e-01,-3.037122e-01,1.649780e-01,6.641194e-01,1.146380e+00,1.533727e+00,1.844469e+00,2.147091e+00,2.468569e+00,2.760183e+00,3.019716e+00,3.247884e+00,3.504675e+00,3.802853e+00,4.096414e+00,4.457829e+00,4.915790e+00,5.374828e+00,5.837247e+00,6.430811e+00,7.075733e+00,7.839099e+00,8.642207e+00,9.637212e+00,1.030157e+01,1.089876e+01,1.232632e+01,1.333381e+01,1.425535e+01,1.490202e+01,1.592138e+01,1.525749e+01,1.538397e+01,1.679408e+01,1.525083e+01,1.664484e+01,1.728608e+01,1.783156e+01,1.297135e+01,1.189575e+01,1.242316e+01,1.166677e+01,1.329615e+01
1.492268e+00,1.227510e+00,9.448643e-01,6.471268e-01,3.229250e-01,-1.413441e-02,-3.096983e-01,-5.423173e-01,-5.247192e-01,-3.076682e-01,1.555040e-01,6.368780e-01,1.108031e+00,1.490018e+00,1.796981e+00,2.105362e+00,2.428891e+00,2.719302e+00,2.978893e+00,3.205737e+00,3.442533e+00,3.745269e+00,4.081685e+00,4.471426e+00,4.849856e+00,5.302913e+00,5.773325e+00,6.289798e+00,6.818365e+00,7.455032e+00,8.100967e+00,8.997598e+00,1.015859e+01,1.093531e+01,1.182285e+01,1.301148e+01,1.394219e+01,1.474415e+01,1.482526e+01,1.546762e+01,1.526190e+01,1.655821e+01,1.506654e+01,1.685244e+01,1.786450e+01,1.392688e+01,1.219708e+01,1.166871e+01,1.135265e+01,1.197124e+01,1.875452e+01
1.496722e+00,1.232193e+00,9.514129e-01,6.575056e-01,3.378000e-01,-1.402498e-04,-3.018924e-01,-5.397467e-01,-5.261867e-01,-3.246008e-01,1.254750e-01,5.767802e-01,1.024564e+00,1.407341e+00,1.735209e+00,2.050845e+00,2.373856e+00,2.683460e+00,2.907924e+00,3.130410e+00,3.403508e+00,3.701876e+00,3.980216e+00,4.333111e+00,4.726218e+00,5.203702e+00,5.576688e+00,6.095117e+00,6.523703e+00,7.021410e+00,7.606150e+00,8.436015e+00,9.494174e+00,1.062646e+01,1.140253e+01,1.296736e+01,1.396309e+01,1.445166e+01,1.440884e+01,1.646594e+01,1.505776e+01,1.695407e+01,1.507842e+01,1.552904e+01,1.245228e+01,1.166215e+01,1.135930e+01,1.102688e+01,1.218223e+01,1.182375e+01,1.295702e+01
1.514208e+00,1.248950e+00,9.682123e-01,6.778062e-01,3.637036e-01,2.643106e-02,-2.806953e-01,-5.228111e-01,-5.123903e-01,-3.277129e-01,1.014016e-01,5.121895e-01,9.218468e-01,1.310462e+00,1.653745e+00,1.955583e+00,2.264910e+00,2.579663e+00,2.814801e+00,3.045258e+00,3.319764e+00,3.617657e+00,3.918914e+00,4.261700e+00,4.636642e+00,5.101430e+00,5.476471e+00,5.888763e+00,6.252715e+00,6.637427e+00,7.081637e+00,7.739569e+00,8.567061e+00,9.729945e+00,1.114535e+01,1.209459e+01,1.301363e+01,1.429305e+01,1.419269e+01,1.470782e+01,1.602062e+01,1.429524e+01,1.271477e+01,1.111963e+01,1.113000e+01,1.095015e+01,1.074367e+01,1.165054e+01,1.145066e+01,1.194590e+01,2.311745e+01
1.551443e+00,1.291355e+00,1.018580e+00,7.342834e-01,4.316973e-01,1.044501e-01,-2.074371e-01,-4.646459e-01,-4.760961e-01,-3.507089e-01,-3.470597e-03,3.724233e-01,7.761324e-01,1.151649e+00,1.492066e+00,1.812034e+00,2.078423e+00,2.360845e+00,2.649963e+00,2.847881e+00,3.119274e+00,3.426608e+00,3.714728e+00,4.048799e+00,4.290647e+00,4.673195e+00,5.055610e+00,5.498620e+00,5.862930e+00,6.144984e+00,6.511796e+00,6.961420e+00,7.497945e+00,8.062210e+00,8.704323e+00,9.580602e+00,1.059336e+01,1.170702e+01,1.152512e+01,1.082892e+01,1.049155e+01,1.016142e+01,1.058803e+01,1.060151e+01,1.059352e+01,1.066503e+01,1.088620e+01,1.091864e+01,1.153847e+01,1.262482e+01,1.288189e+01
1.574383e+00,1.313408e+00,1.040558e+00,7.579320e-01,4.615455e-01,1.433331e-01,-1.634362e-01,-4.204908e-01,-4.293505e-01,-3.051484e-01,3.213421e-02,3.968855e-01,7.886597e-01,1.157013e+00,1.464188e+00,1.787804e+00,2.099321e+00,2.351663e+00,2.592864e+00,2.763021e+00,3.078637e+00,3.298768e+00,3.581362e+00,3.898589e+00,4.177787e+00,4.449070e+00,4.819796e+00,5.225163e+00,5.485987e+00,5.834547e+00,6.031227e+00,6.531388e+00,6.944363e+00,7.506934e+00,8.090015e+00,8.742577e+00,9.286408e+00,9.842442e+00,1.026946e+01,1.020811e+01,1.028934e+01,1.019498e+01,1.068454e+01,1.079525e+01,1.039501e+01,1.083478e+01,1.161577e+01,1.111052e+01,1.144887e+01,1.477655e+01,1.730371e+01
5.508580e+34,7.043195e+34,9.160917e+34,1.201774e+35,1.568404e+35,1.985159e+35,2.396333e+35,2.757384e+35,2.351093e+35,1.524033e+35,8.760051e+34,5.278079e+34,3.381051e+34,2.322771e+34,1.736830e+34,1.326091e+34,9.869648e+33,7.007413e+33,5.273246e+33,3.837324e+33,2.672026e+33,1.821361e+33,1.151005e+33,6.529967e+32,3.001038e+32,1.209031e+32,6.358282e+31,3.182141e+31,1.503807e+31,9.094155e+30,5.748137e+30,2.452644e+30,7.617779e+29,6.975933e+29,3.238138e+29,2.325584e+29,1.939614e+29,9.643276e+28,9.903834e+28,3.817137e+29,4.495524e+30,2.396586e+30,1.969247e+30,1.465395e+30,1.662673e+30,6.507038e+29,9.641122e+29,1.178100e+30,4.308610e+29,4.171087e+29,3.747875e+29
5.455849e+34,6.983153e+34,9.101726e+34,1.195306e+35,1.570119e+35,2.015916e+35,2.466877e+35,2.871822e+35,2.513457e+35,1.696883e+35,9.896650e+34,6.017933e+34,3.854765e+34,2.649593e+34,1.942811e+34,1.473397e+34,1.098408e+34,8.018490e+33,6.014551e+33,4.423840e+33,3.277321e+33,2.281456e+33,1.461142e+33,9.018981e+32,4.822004e+32,1.939522e+32,7.799218e+31,4.643214e+31,2.427644e+31,1.489129e+31,7.219556e+30,2.296525e+30,1.439717e+30,9.026635e+29,5.151546e+29,2.807268e+29,1.630906e+29,1.351161e+29,6.833950e+28,8.424312e+28,7.062305e+28,3.990241e+28,2.495580e+30,1.987126e+30,1.600542e+30,1.913232e+30,9.902877e+29,1.197496e+30,5.446353e+29,1.177236e+30,7.102544e+29
5.025537e+34,6.423828e+34,8.358123e+34,1.101026e+35,1.471652e+35,1.941322e+35,2.434052e+35,2.891545e+35,2.649168e+35,1.913325e+35,1.149675e+35,6.985778e+34,4.437641e+34,3.063754e+34,2.281819e+34,1.733979e+34,1.294100e+34,9.629346e+33,7.362227e+33,5.497967e+33,4.147164e+33,2.892942e+33,1.952764e+33,1.213218e+33,7.265369e+32,3.571326e+32,1.735330e+32,8.066580e+31,4.316574e+31,1.831528e+31,9.666747e+30,4.692001e+30,2.608922e+30,1.685042e+30,6.672414e+29,2.895783e+29,1.841838e+29,1.400331e+29,9.842479e+28,7.905679e+28,5.239717e+28,5.702966e+28,2.418317e+28,3.997249e+28,5.145054e+29,4.403703e+30,1.415960e+30,1.184602e+30,1.253349e+30,4.941180e+29,4.544516e+29
4.890046e+34,6.250213e+34,8.127533e+34,1.068747e+35,1.431070e+35,1.914072e+35,2.442124e+35,2.938014e+35,2.753095e+35,2.078140e+35,1.273766e+35,7.866339e+34,4.983785e+34,3.391790e+34,2.507657e+34,1.903698e+34,1.411633e+34,1.075206e+34,8.173597e+33,6.158329e+33,4.767808e+33,3.400565e+33,2.404650e+33,1.563507e+33,9.768597e+32,5.358974e+32,2.548982e+32,1.157935e+32,6.238526e+31,2.682753e+31,8.165447e+30,6.133084e+30,4.734476e+30,2.276460e+30,8.978482e+29,3.121479e+29,1.348423e+29,1.320533e+29,1.123410e+29,1.011516e+29,3.346080e+28,7.849011e+28,6.196583e+28,2.816600e+28,8.225330e+28,5.164172e+28,1.698102e+30,3.069305e+30,1.286405e+30,1.260040e+30,5.425701e+29
4.842029e+34,6.200654e+34,8.098932e+34,1.073760e+35,1.456156e+35,1.965735e+35,2.522352e+35,3.053340e+35,2.909647e+35,2.218469e+35,1.372063e+35,8.469626e+34,5.408509e+34,3.719086e+34,2.715484e+34,2.044215e+34,1.528077e+34,1.151575e+34,8.681236e+33,6.801312e+33,5.288059e+33,3.783121e+33,2.804022e+33,1.876518e+33,1.214829e+33,7.705813e+32,3.776426e+32,1.732903e+32,8.087802e+31,3.212640e+31,1.088380e+31,7.105447e+30,4.977746e+30,2.988296e+30,1.160405e+30,4.937657e+29,2.400384e+29,1.561237e+29,1.138745e+29,6.210648e+28,1.073600e+29,3.168887e+28,8.003740e+28,8.739868e+28,4.991534e+28,1.221008e+28,2.961255e+28,1.458324e+30,2.716576e+30,6.142442e+29,6.500196e+29
4.627647e+34,5.920960e+34,7.723107e+34,1.021687e+35,1.383886e+35,1.875879e+35,2.422306e+35,2.949883e+35,2.837577e+35,2.209717e+35,1.389103e+35,8.643263e+34,5.557307e+34,3.874282e+34,2.885727e+34,2.206087e+34,1.653067e+34,1.265431e+34,9.690861e+33,7.683107e+33,5.925648e+33,4.381180e+33,3.221462e+33,2.244160e+33,1.474915e+33,9.243233e+32,5.289652e+32,2.576755e+32,1.027506e+32,3.861521e+31,1.873450e+31,1.256535e+31,6.165366e+30,2.962830e+30,1.877872e+30,4.725935e+29,2.591312e+29,1.603748e+29,1.327738e+29,5.674948e+28,8.983639e+28,9.374937e+28,3.267082e+28,1.030104e+29,3.106802e+28,1.319784e+28,2.051503e+29,1.773658e+30,3.535431e+30,1.517786e+30,6.746561e+29
4.539623e+34,5.804286e+34,7.562699e+34,9.993379e+34,1.351953e+35,1.837525e+35,2.389804e+35,2.932901e+35,2.851802e+35,2.270576e+35,1.450402e+35,9.110538e+34,5.861267e+34,4.057059e+34,3.044518e+34,2.291799e+34,1.719202e+34,1.309709e+34,1.011595e+34,8.132880e+33,6.407023e+33,4.733472e+33,3.587523e+33,2.583792e+33,1.704406e+33,1.087641e+33,6.643252e+32,3.456851e+32,1.629092e+32,6.873179e+31,2.862536e+31,1.638712e+31,7.520812e+30,4.885302e+30,1.615003e+30,7.884141e+29,2.405252e+29,8.900617e+28,1.468859e+29,1.324769e+29,3.561340e+28,1.081396e+29,3.506940e+28,1.021174e+29,3.718762e+28,1.292931e+28,3.348828e+29,2.179127e+30,3.734487e+30,1.412783e+30,6.975108e+29
4.464046e+34,5.699816e+34,7.410961e+34,9.781257e+34,1.324119e+35,1.808175e+35,2.366627e+35,2.920156e+35,2.867652e+35,2.328203e+35,1.511975e+35,9.547467e+34,6.123278e+34,4.285931e+34,3.219204e+34,2.436125e+34,1.811793e+34,1.385041e+34,1.090560e+34,8.838578e+33,6.976955e+33,5.301449e+33,4.045483e+33,2.900043e+33,1.902041e+33,1.246248e+33,8.140241e+32,4.712068e+32,2.601613e+32,1.287942e+32,6.146855e+31,2.458391e+31,1.333239e+31,7.691889e+30,2.065423e+30,8.166074e+29,3.494592e+29,1.926321e+29,7.533299e+28,1.388484e+29,1.235801e+29,3.372121e+28,1.397018e+29,3.869013e+28,2.143407e+28,1.296917e+28,1.140237e+30,3.070698e+30,1.889166e+30,3.791655e+30,8.454280e+29
4.452753e+34,5.682402e+34,7.372083e+34,9.698068e+34,1.307272e+35,1.783157e+35,2.341075e+35,2.900433e+35,2.853801e+35,2.336701e+35,1.525227e+35,9.790046e+34,6.343420e+34,4.461992e+34,3.363129e+34,2.531577e+34,1.879228e+34,1.438187e+34,1.132345e+34,9.188430e+33,7.387930e+33,5.590213e+33,4.100739e+33,2.863952e+33,2.021127e+33,1.331591e+33,8.633882e+32,5.365582e+32,3.297540e+32,1.834524e+32,1.011927e+32,4.430948e+31,1.520900e+31,7.437220e+30,3.283937e+30,1.098862e+30,4.662952e+29,2.227801e+29,2.067444e+29,1.144159e+29,1.382847e+29,4.190355e+28,1.655465e+29,3.195668e+28,1.258157e+28,4.729176e+29,2.326507e+30,3.784888e+30,5.063801e+30,2.864443e+30,5.542773e+27
4.434525e+34,5.657944e+34,7.327752e+34,9.605804e+34,1.289484e+35,1.760322e+35,2.324304e+35,2.893574e+35,2.857660e+35,2.373429e+35,1.568000e+35,1.034722e+35,6.850309e+34,4.815036e+34,3.560020e+34,2.661937e+34,1.976941e+34,1.486455e+34,1.208833e+34,9.848543e+33,7.658306e+33,5.818161e+33,4.502457e+33,3.253057e+33,2.264898e+33,1.458999e+33,1.034810e+33,6.419319e+32,4.325682e+32,2.735092e+32,1.596158e+32,7.432417e+31,2.804571e+31,9.884465e+30,4.836408e+30,1.144435e+30,4.574051e+29,2.916565e+29,3.033903e+29,4.562043e+28,1.668907e+29,2.910111e+28,1.637447e+29,1.081230e+29,1.839173e+30,3.807805e+30,5.032854e+30,6.835733e+30,2.358550e+30,3.281212e+30,1.155390e+30
4.363680e+34,5.571291e+34,7.215244e+34,9.427867e+34,1.259083e+35,1.717764e+35,2.279366e+35,2.848790e+35,2.821578e+35,2.380242e+35,1.603154e+35,1.098146e+35,7.530039e+34,5.264426e+34,3.837408e+34,2.906047e+34,2.185606e+34,1.635576e+34,1.317091e+34,1.065204e+34,8.272380e+33,6.287427e+33,4.763984e+33,3.474209e+33,2.459682e+33,1.603113e+33,1.134873e+33,7.763017e+32,5.552007e+32,3.895516e+32,2.587504e+32,1.411590e+32,6.587363e+31,2.257138e+31,6.129091e+30,2.556826e+30,1.096693e+30,3.375321e+29,3.702184e+29,2.303606e+29,6.875216e+28,3.368539e+29,1.444203e+30,6.275993e+30,6.216364e+30,7.336302e+30,8.872913e+30,3.848738e+30,4.626717e+30,2.932080e+30,9.966814e+25
4.216566e+34,5.357892e+34,6.888173e+34,8.949991e+34,1.182652e+35,1.598659e+35,2.130643e+35,2.700190e+35,2.728817e+35,2.431193e+35,1.765730e+35,1.249012e+35,8.611583e+34,6.093634e+34,4.453582e+34,3.316825e+34,2.595175e+34,2.000774e+34,1.533030e+34,1.277567e+34,9.950075e+33,7.497090e+33,5.749694e+33,4.226847e+33,3.382805e+33,2.378253e+33,1.672214e+33,1.111956e+33,7.949945e+32,6.131153e+32,4.373384e+32,2.890468e+32,1.763429e+32,1.048701e+32,5.805059e+31,2.589973e+31,1.019043e+31,3.653651e+30,4.320024e+30,8.202889e+30,1.119218e+31,1.516941e+31,1.024052e+31,1.011419e+31,1.018895e+31,9.539474e+30,7.781376e+30,7.552343e+30,4.267249e+30,1.568947e+30,1.238171e+30
4.128407e+34,5.250164e+34,6.750138e+34,8.757157e+34,1.150582e+35,1.542420e+35,2.046023e+35,2.592581e+35,2.613823e+35,2.331285e+35,1.708765e+35,1.221186e+35,8.512793e+34,6.063601e+34,4.569417e+34,3.391676e+34,2.545701e+34,2.017766e+34,1.615810e+34,1.381426e+34,1.032954e+34,8.433909e+33,6.501165e+33,4.854007e+33,3.753366e+33,2.923532e+33,2.077866e+33,1.430443e+33,1.124971e+33,8.160504e+32,6.808399e+32,4.295176e+32,2.936235e+32,1.748890e+32,1.022186e+32,5.604092e+31,3.396041e+31,2.034975e+31,1.373262e+31,1.453083e+31,1.348345e+31,1.470766e+31,9.369613e+30,8.461303e+30,1.223295e+31,8.158736e+30,3.973999e+30,6.328906e+30,4.634341e+30,2.162291e+29,2.108873e+28
1.514429e+34,1.956595e+34,2.609232e+34,3.530271e+34,4.741154e+34,6.129874e+34,7.530800e+34,8.798894e+34,7.923165e+34,5.365933e+34,3.252997e+34,2.065565e+34,1.340534e+34,9.149655e+33,6.843347e+33,5.264897e+33,3.979128e+33,2.891928e+33,2.236033e+33,1.698300e+33,1.248336e+33,9.160112e+32,6.464235e+32,4.395710e+32,2.756397e+32,1.580635e+32,9.876479e+31,5.665527e+31,3.096833e+31,1.706978e+31,1.011921e+31,5.725023e+30,3.000456e+30,2.340272e+30,1.575323e+30,8.988256e+29,4.846020e+29,2.539202e+29,1.633512e+29,4.115984e+29,1.408765e+30,8.497766e+29,7.112401e+29,4.775129e+29,5.546659e+29,1.955360e+29,2.795028e+29,3.469374e+29,1.270708e+29,1.203521e+29,1.092858e+29
1.414568e+34,1.825676e+34,2.427250e+34,3.274958e+34,4.443748e+34,5.888719e+34,7.389242e+34,8.749188e+34,8.080954e+34,5.704794e+34,3.431416e+34,2.202226e+34,1.449588e+34,9.976646e+33,7.330285e+33,5.612749e+33,4.252091e+33,3.181280e+33,2.456964e+33,1.863154e+33,1.449391e+33,1.076617e+33,7.560412e+32,5.308601e+32,3.516937e+32,2.112120e+32,1.254828e+32,7.879634e+31,4.523491e+31,2.666538e+31,1.480599e+31,7.705702e+30,5.050195e+30,3.362837e+30,2.291357e+30,1.270254e+30,7.183799e+29,4.288492e+29,2.445749e+29,1.762057e+29,1.173169e+29,1.323280e+29,1.053017e+30,7.232516e+29,5.953250e+29,6.998893e+29,3.719953e+29,3.654169e+29,1.634167e+29,3.512210e+29,2.219295e+29
1.189077e+34,1.527876e+34,2.015344e+34,2.715349e+34,3.763975e+34,5.169533e+34,6.667733e+34,8.051149e+34,7.752794e+34,5.833387e+34,3.578042e+34,2.269325e+34,1.496640e+34,1.052282e+34,7.928769e+33,6.117425e+33,4.654317e+33,3.560151e+33,2.801070e+33,2.168256e+33,1.708207e+33,1.262536e+33,9.130761e+32,6.300998e+32,4.331676e+32,2.834246e+32,1.914978e+32,1.293002e+32,7.959906e+31,4.609133e+31,2.732092e+31,1.518880e+31,9.252282e+30,6.034410e+30,3.764989e+30,2.157819e+30,1.262897e+30,7.216770e+29,4.730644e+29,3.368262e+29,2.252250e+29,1.431885e+29,9.553631e+28,6.693606e+28,3.728606e+29,1.380121e+30,5.175105e+29,4.097904e+29,4.535725e+29,1.710856e+29,1.681301e+29
1.123128e+34,1.440136e+34,1.889416e+34,2.524258e+34,3.482204e+34,4.851578e+34,6.395205e+34,7.836370e+34,7.678304e+34,6.048334e+34,3.752474e+34,2.424483e+34,1.606456e+34,1.124800e+34,8.462510e+33,6.524561e+33,4.934112e+33,3.851182e+33,3.009470e+33,2.340014e+33,1.883390e+33,1.415685e+33,1.065226e+33,7.510248e+32,5.239615e+32,3.519698e+32,2.281542e+32,1.537039e+32,1.006261e+32,6.255879e+31,3.630697e+31,2.193418e+31,1.383835e+31,8.685088e+30,5.000499e+30,2.922954e+30,1.771289e+30,1.055786e+30,7.158124e+29,5.186581e+29,3.586676e+29,2.501708e+29,1.713789e+29,1.156996e+29,8.860404e+28,1.300387e+29,7.279159e+29,8.326588e+29,4.555135e+29,4.588888e+29,2.002665e+29
1.073134e+34,1.377688e+34,1.812223e+34,2.438043e+34,3.410309e+34,4.799538e+34,6.341771e+34,7.790679e+34,7.725756e+34,6.112072e+34,3.830456e+34,2.468542e+34,1.648100e+34,1.184301e+34,8.866917e+33,6.783563e+33,5.179887e+33,4.012611e+33,3.104203e+33,2.506756e+33,2.019466e+33,1.513842e+33,1.192137e+33,8.547229e+32,6.034897e+32,4.403374e+32,2.775501e+32,1.872073e+32,1.221191e+32,8.144849e+31,5.062811e+31,3.247025e+31,1.995871e+31,1.236809e+31,7.107674e+30,4.273226e+30,2.522551e+30,1.515817e+30,1.091291e+30,7.518944e+29,4.957115e+29,3.533274e+29,2.430967e+29,2.132364e+29,6.946757e+28,3.822880e+28,1.662309e+29,6.748808e+29,7.971188e+29,2.036441e+29,2.396652e+29
1.012278e+34,1.296896e+34,1.697987e+34,2.267555e+34,3.151695e+34,4.443654e+34,5.908383e+34,7.310922e+34,7.305741e+34,5.917478e+34,3.768406e+34,2.431597e+34,1.634321e+34,1.190305e+34,9.127178e+33,7.117837e+33,5.439247e+33,4.287952e+33,3.353432e+33,2.746871e+33,2.196556e+33,1.695013e+33,1.318000e+33,9.768345e+32,6.963065e+32,4.915107e+32,3.342290e+32,2.225066e+32,1.386365e+32,9.534266e+31,6.461958e+31,4.327852e+31,2.680088e+31,1.561057e+31,9.503724e+30,5.412884e+30,3.227251e+30,2.046730e+30,1.439224e+30,1.017980e+30,6.699843e+29,4.846690e+29,3.480497e+29,2.494435e+29,8.907356e+28,5.898090e+28,2.985758e+29,8.401273e+29,1.054911e+30,3.863738e+29,1.756651e+29
9.761949e+33,1.249369e+34,1.632892e+34,2.173995e+34,3.006784e+34,4.234774e+34,5.668729e+34,7.083034e+34,7.149529e+34,5.920692e+34,3.816412e+34,2.447913e+34,1.637182e+34,1.185756e+34,9.258232e+33,7.125698e+33,5.486464e+33,4.307993e+33,3.412129e+33,2.833942e+33,2.304663e+33,1.779633e+33,1.413700e+33,1.081421e+33,7.684010e+32,5.411537e+32,3.786676e+32,2.480444e+32,1.647255e+32,1.180263e+32,7.991242e+31,5.514745e+31,3.456465e+31,2.105666e+31,1.207199e+31,7.090868e+30,4.294867e+30,2.810110e+30,1.979545e+30,1.346680e+30,9.280294e+29,6.286673e+29,5.341589e+29,2.498675e+29,1.239657e+29,8.914045e+28,4.270235e+29,1.011601e+30,1.192641e+30,3.270195e+29,1.892321e+29
9.290334e+33,1.187461e+34,1.548609e+34,2.056375e+34,2.832165e+34,3.982537e+34,5.351831e+34,6.714774e+34,6.819603e+34,5.763717e+34,3.813833e+34,2.471785e+34,1.629941e+34,1.188532e+34,9.326303e+33,7.189039e+33,5.501608e+33,4.316785e+33,3.521137e+33,2.940092e+33,2.407193e+33,1.906509e+33,1.530536e+33,1.162510e+33,8.204796e+32,5.834472e+32,4.230277e+32,2.863942e+32,2.004072e+32,1.455240e+32,1.073187e+32,7.679391e+31,4.986782e+31,3.135885e+31,1.714738e+31,9.876914e+30,6.166614e+30,4.174836e+30,3.001111e+30,1.939613e+30,1.444195e+30,9.792905e+29,7.978440e+29,2.669939e+29,2.008159e+29,2.668087e+29,8.821898e+29,1.328811e+30,6.515259e+29,9.163258e+29,2.533678e+29
9.223007e+33,1.177730e+34,1.530645e+34,2.022154e+34,2.763991e+34,3.868660e+34,5.211087e+34,6.590127e+34,6.732717e+34,5.765981e+34,3.844383e+34,2.499054e+34,1.677799e+34,1.238513e+34,9.556159e+33,7.295909e+33,5.582057e+33,4.396192e+33,3.572247e+33,2.970152e+33,2.478613e+33,1.959614e+33,1.522046e+33,1.123592e+33,8.491496e+32,6.046320e+32,4.332466e+32,3.040751e+32,2.221115e+32,1.634517e+32,1.295176e+32,9.256139e+31,6.032136e+31,3.685223e+31,2.167431e+31,1.287083e+31,8.206441e+30,5.569995e+30,4.066176e+30,2.665627e+30,1.912166e+30,1.510649e+30,9.274450e+29,3.605400e+29,3.206093e+29,7.308008e+29,1.346307e+30,1.391028e+30,1.345137e+30,7.201682e+29,8.729817e+27
8.957474e+33,1.143507e+34,1.483445e+34,1.952151e+34,2.650959e+34,3.705631e+34,5.021040e+34,6.397179e+34,6.569121e+34,5.711899e+34,3.857688e+34,2.589768e+34,1.810146e+34,1.326477e+34,9.950627e+33,7.573981e+33,5.810389e+33,4.448882e+33,3.740875e+33,3.105896e+33,2.510589e+33,1.983070e+33,1.608730e+33,1.230977e+33,9.220669e+32,6.413529e+32,4.908527e+32,3.371600e+32,2.570900e+32,1.928299e+32,1.481397e+32,1.092401e+32,7.366330e+31,4.561992e+31,2.821045e+31,1.712196e+31,1.159621e+31,7.803225e+30,5.440892e+30,3.967395e+30,2.546239e+30,2.295882e+30,1.013614e+30,9.585961e+29,1.486785e+30,1.905695e+30,2.061415e+30,1.850125e+30,6.117461e+29,8.332054e+29,2.405713e+29
8.607036e+33,1.099614e+34,1.426464e+34,1.869954e+34,2.520669e+34,3.522598e+34,4.834925e+34,6.209095e+34,6.387067e+34,5.653301e+34,3.857972e+34,2.718502e+34,1.967881e+34,1.419354e+34,1.039881e+34,8.071280e+33,6.327816e+33,4.854969e+33,4.006904e+33,3.308387e+33,2.692507e+33,2.120547e+33,1.677238e+33,1.291621e+33,9.711381e+32,6.881811e+32,5.204545e+32,3.891378e+32,3.009463e+32,2.342332e+32,1.821443e+32,1.312298e+32,8.941329e+31,5.841476e+31,3.759146e+31,2.535110e+31,1.814816e+31,1.256798e+31,8.167330e+30,6.515052e+30,4.287214e+30,4.310957e+30,2.393602e+30,3.704006e+30,2.853548e+30,2.975248e+30,2.865588e+30,1.038249e+30,1.169101e+30,8.081002e+29,2.036788e+28
8.043439e+33,1.022630e+34,1.316577e+34,1.714464e+34,2.282278e+34,3.183601e+34,4.430329e+34,5.775062e+34,6.071654e+34,5.672860e+34,4.109609e+34,2.948293e+34,2.089665e+34,1.508761e+34,1.129185e+34,8.569319e+33,6.894044e+33,5.512663e+33,4.376687e+33,3.884067e+33,3.133326e+33,2.454681e+33,1.990824e+33,1.506353e+33,1.321405e+33,9.709551e+32,7.728318e+32,5.325764e+32,4.337406e+32,3.565195e+32,2.931271e+32,1.800928e+32,1.281609e+32,9.307517e+31,6.768821e+31,5.007411e+31,3.770992e+31,2.825235e+31,2.011227e+31,1.890667e+31,1.649539e+31,1.334099e+31,7.199580e+30,5.815977e+30,5.222766e+30,5.596155e+30,2.769321e+30,2.213765e+30,1.966313e+30,5.713643e+29,3.191490e+29
7.866333e+33,1.000621e+34,1.287360e+34,1.672167e+34,2.205444e+34,3.037704e+34,4.180328e+34,5.418817e+34,5.647082e+34,5.231997e+34,3.778783e+34,2.679731e+34,1.896551e+34,1.396337e+34,1.095572e+34,8.406189e+33,6.494626e+33,5.293908e+33,4.444685e+33,4.035345e+33,3.120357e+33,2.671109e+33,2.183016e+33,1.705302e+33,1.389429e+33,1.162330e+33,8.678378e+32,6.300169e+32,5.339349e+32,4.199472e+32,3.568771e+32,2.276727e+32,1.710286e+32,1.280790e+32,9.194660e+31,6.570394e+31,5.002854e+31,3.851999e+31,2.501244e+31,2.292032e+31,1.808500e+31,1.512919e+31,7.378985e+30,6.024484e+30,6.652454e+30,7.051143e+30,2.372721e+30,2.426021e+30,2.972751e+30,6.666366e+29,1.426724e+29
-2.527806e+00,-2.507424e+00,-2.458550e+00,-2.398097e+00,-2.342018e+00,-2.300413e+00,-2.265986e+00,-2.236069e+00,-2.129249e+00,-2.043506e+00,-1.939262e+00,-1.836553e+00,-1.811026e+00,-1.823773e+00,-1.823264e+00,-1.808365e+00,-1.778301e+00,-1.732578e+00,-1.679522e+00,-1.595745e+00,-1.489795e+00,-1.345490e+00,-1.129418e+00,-7.747710e-01,-1.664635e-01,5.246554e-01,8.621295e-01,1.129241e+00,1.414142e+00,1.232667e+00,1.107148e+00,1.659431e+00,2.683625e+00,2.369470e+00,3.097039e+00,2.646593e+00,1.792527e+00,1.895312e+00,9.795811e-01,1.475593e-01,-2.271555e+00,-2.029708e+00,-1.993628e+00,-2.195053e+00,-2.149101e+00,-2.353660e+00,-2.423910e+00,-2.393211e+00,-2.390328e+00,-2.433169e+00,-2.412551e+00
-2.642515e+00,-2.626239e+00,-2.587390e+00,-2.534490e+00,-2.470977e+00,-2.409081e+00,-2.359930e+00,-2.326764e+00,-2.221373e+00,-2.133940e+00,-2.073552e+00,-1.967942e+00,-1.914608e+00,-1.912089e+00,-1.908101e+00,-1.889325e+00,-1.857847e+00,-1.809750e+00,-1.752565e+00,-1.692823e+00,-1.597185e+00,-1.470150e+00,-1.289829e+00,-1.037542e+00,-6.178221e-01,1.668885e-01,9.309634e-01,1.035333e+00,1.218347e+00,1.140487e+00,1.406034e+00,2.369818e+00,2.456769e+00,2.574637e+00,2.921608e+00,2.955197e+00,2.902542e+00,2.260989e+00,2.496025e+00,1.444612e+00,9.935329e-01,2.346881e+00,-1.689152e+00,-1.978537e+00,-1.936062e+00,-1.968631e+00,-1.916729e+00,-2.323590e+00,-2.356603e+00,-2.367752e+00,-2.277223e+00
-2.821619e+00,-2.811401e+00,-2.784598e+00,-2.740479e+00,-2.669198e+00,-2.590262e+00,-2.534843e+00,-2.502931e+00,-2.405473e+00,-2.325314e+00,-2.285024e+00,-2.201131e+00,-2.127733e+00,-2.092064e+00,-2.069318e+00,-2.039566e+00,-2.001868e+00,-1.947851e+00,-1.891763e+00,-1.821473e+00,-1.736367e+00,-1.623160e+00,-1.488143e+00,-1.282538e+00,-1.012409e+00,-4.525243e-01,1.928428e-01,9.236460e-01,1.197972e+00,1.806662e+00,2.033886e+00,2.299609e+00,2.478210e+00,2.497306e+00,3.387356e+00,3.931729e+00,3.768858e+00,3.209899e+00,3.073336e+00,2.837369e+00,2.854687e+00,1.802162e+00,2.689468e+00,1.009241e+00,-6.303549e-01,-2.271371e+00,-1.970405e+00,-2.078040e+00,-1.989757e+00,-2.076266e+00,-1.946562e+00
-2.879816e+00,-2.873540e+00,-2.856140e+00,-2.825083e+00,-2.766780e+00,-2.686854e+00,-2.623018e+00,-2.587073e+00,-2.499703e+00,-2.416236e+00,-2.392494e+00,-2.304063e+00,-2.216332e+00,-2.160723e+00,-2.126534e+00,-2.096234e+00,-2.057766e+00,-2.009918e+00,-1.955941e+00,-1.894284e+00,-1.818260e+00,-1.715513e+00,-1.593925e+00,-1.435418e+00,-1.219447e+00,-8.229766e-01,-2.169866e-01,5.544352e-01,9.359026e-01,1.657470e+00,2.920954e+00,2.494684e+00,2.099684e+00,2.621219e+00,3.361797e+00,4.378936e+00,5.041558e+00,4.069559e+00,3.625267e+00,3.199966e+00,4.643505e+00,2.269211e+00,1.991470e+00,2.765879e+00,1.455955e-01,1.807862e+00,-1.658258e+00,-2.553870e+00,-2.032360e+00,-1.977369e+00,-1.951093e+00
-2.949637e+00,-2.944738e+00,-2.930899e+00,-2.902274e+00,-2.841640e+00,-2.760104e+00,-2.702720e+00,-2.673893e+00,-2.595910e+00,-2.523633e+00,-2.497754e+00,-2.413463e+00,-2.326333e+00,-2.240149e+00,-2.191018e+00,-2.159438e+00,-2.117772e+00,-2.063862e+00,-2.013225e+00,-1.953946e+00,-1.884436e+00,-1.792977e+00,-1.674363e+00,-1.539461e+00,-1.369606e+00,-1.095489e+00,-6.028412e-01,1.512223e-01,8.066437e-01,1.821155e+00,3.009307e+00,2.974523e+00,2.718518e+00,2.780628e+00,3.547994e+00,4.224657e+00,4.604755e+00,4.449779e+00,4.424249e+00,4.881794e+00,2.994773e+00,4.720651e+00,2.174842e+00,1.746038e+00,6.470537e-01,2.234280e+00,3.377238e+00,-1.508357e+00,-2.400278e+00,-2.161244e+00,-1.953229e+00
-2.975272e+00,-2.972688e+00,-2.965343e+00,-2.946874e+00,-2.896370e+00,-2.819329e+00,-2.762064e+00,-2.730836e+00,-2.656239e+00,-2.579235e+00,-2.553888e+00,-2.482711e+00,-2.395898e+00,-2.310282e+00,-2.253422e+00,-2.214457e+00,-2.176039e+00,-2.118510e+00,-2.077419e+00,-2.013528e+00,-1.942736e+00,-1.859006e+00,-1.749559e+00,-1.628284e+00,-1.469319e+00,-1.236387e+00,-8.987336e-01,-2.872688e-01,5.864054e-01,1.769353e+00,2.423823e+00,2.421008e+00,2.876691e+00,3.253171e+00,3.174360e+00,4.773256e+00,4.937206e+00,4.985038e+00,4.665413e+00,5.651497e+00,3.933366e+00,3.216051e+00,4.631449e+00,1.731319e+00,2.061924e+00,2.930864e+00,7.346561e-01,-1.462820e+00,-2.367498e+00,-2.678414e+00,-2.634214e+00
-3.008731e+00,-3.006814e+00,-3.000780e+00,-2.986060e+00,-2.942813e+00,-2.873143e+00,-2.816678e+00,-2.781526e+00,-2.708341e+00,-2.631359e+00,-2.613642e+00,-2.572690e+00,-2.496722e+00,-2.408018e+00,-2.330374e+00,-2.286914e+00,-2.235913e+00,-2.176708e+00,-2.127491e+00,-2.063809e+00,-2.001583e+00,-1.915040e+00,-1.823033e+00,-1.705049e+00,-1.559555e+00,-1.366538e+00,-1.100401e+00,-6.497728e-01,2.170491e-02,1.058474e+00,2.009763e+00,2.375595e+00,2.985671e+00,2.860048e+00,3.937843e+00,4.299979e+00,5.642534e+00,6.758222e+00,5.091690e+00,4.539689e+00,6.382494e+00,3.445754e+00,5.331299e+00,1.751690e+00,2.357025e+00,3.779599e+00,4.758148e-01,-1.502254e+00,-2.234501e+00,-2.864573e+00,-2.553794e+00
-3.072802e+00,-3.070748e+00,-3.064848e+00,-3.052947e+00,-3.019213e+00,-2.961841e+00,-2.910214e+00,-2.877522e+00,-2.811679e+00,-2.733025e+00,-2.696355e+00,-2.645395e+00,-2.591009e+00,-2.510874e+00,-2.425251e+00,-2.389144e+00,-2.333206e+00,-2.282196e+00,-2.213069e+00,-2.154718e+00,-2.083199e+00,-2.002065e+00,-1.902769e+00,-1.789543e+00,-1.645951e+00,-1.485710e+00,-1.281361e+00,-9.747510e-01,-5.108403e-01,2.390751e-01,1.090935e+00,2.229788e+00,2.582446e+00,2.751096e+00,4.143313e+00,4.879937e+00,5.619370e+00,6.021718e+00,7.213459e+00,5.161960e+00,4.812636e+00,6.594621e+00,3.410954e+00,3.781410e+00,4.379982e+00,5.919744e+00,-5.022938e-01,-1.639738e+00,-2.084026e+00,-2.780177e+00,-2.358928e+00
-3.082082e+00,-3.080865e+00,-3.077392e+00,-3.069078e+00,-3.041844e+00,-2.991358e+00,-2.941134e+00,-2.900936e+00,-2.827301e+00,-2.739389e+00,-2.697819e+00,-2.673033e+00,-2.603501e+00,-2.509044e+00,-2.463211e+00,-2.435496e+00,-2.376327e+00,-2.320223e+00,-2.258464e+00,-2.210798e+00,-2.138006e+00,-2.052109e+00,-1.940215e+00,-1.831686e+00,-1.697595e+00,-1.545556e+00,-1.349888e+00,-1.111730e+00,-7.735854e-01,-2.259825e-01,4.831199e-01,1.442123e+00,2.697200e+00,3.133005e+00,3.694185e+00,4.817080e+00,5.614158e+00,6.301493e+00,5.831686e+00,6.163266e+00,5.142023e+00,7.017901e+00,3.373326e+00,4.743735e+00,6.338739e+00,8.519926e-01,-1.070820e+00,-1.959521e+00,-2.595057e+00,-2.702770e+00,8.892455e-01
-3.131239e+00,-3.130151e+00,-3.126902e+00,-3.119334e+00,-3.096763e+00,-3.050411e+00,-2.999788e+00,-2.954473e+00,-2.878102e+00,-2.788367e+00,-2.745198e+00,-2.711591e+00,-2.605363e+00,-2.523791e+00,-2.495403e+00,-2.460566e+00,-2.397077e+00,-2.361523e+00,-2.296129e+00,-2.259130e+00,-2.183276e+00,-2.107055e+00,-2.014735e+00,-1.902385e+00,-1.759244e+00,-1.609015e+00,-1.460046e+00,-1.260557e+00,-1.018574e+00,-6.842394e-01,-1.460655e-01,7.539015e-01,1.890408e+00,2.993938e+00,3.452293e+00,5.296232e+00,6.328704e+00,6.434124e+00,5.651005e+00,8.741749e+00,5.334568e+00,8.551052e+00,3.568671e+00,4.271908e+00,-4.163853e-01,-1.355073e+00,-1.747357e+00,-2.558428e+00,-2.641772e+00,-2.683280e+00,-3.071845e+00
-3.177838e+00,-3.176558e+00,-3.173289e+00,-3.166944e+00,-3.148716e+00,-3.101665e+00,-3.035511e+00,-2.982357e+00,-2.908245e+00,-2.814165e+00,-2.788460e+00,-2.733080e+00,-2.627008e+00,-2.565984e+00,-2.556040e+00,-2.507835e+00,-2.426510e+00,-2.377676e+00,-2.329546e+00,-2.289021e+00,-2.197324e+00,-2.127689e+00,-2.043625e+00,-1.937000e+00,-1.819249e+00,-1.655458e+00,-1.526106e+00,-1.351944e+00,-1.198839e+00,-9.957980e-01,-6.872489e-01,-1.427816e-01,5.981122e-01,1.861469e+00,3.550586e+00,4.490878e+00,5.493597e+00,7.081177e+00,6.056478e+00,6.542789e+00,8.090597e+00,4.990481e+00,9.890686e-01,-1.032283e+00,-1.524242e+00,-1.766763e+00,-2.212555e+00,-2.564887e+00,-2.692920e+00,-2.522938e+00,1.041426e+01
-3.243278e+00,-3.242188e+00,-3.239404e+00,-3.235061e+00,-3.220611e+00,-3.159077e+00,-3.074503e+00,-3.019344e+00,-2.941948e+00,-2.848866e+00,-2.853853e+00,-2.826232e+00,-2.772188e+00,-2.732744e+00,-2.686263e+00,-2.649446e+00,-2.594978e+00,-2.523506e+00,-2.453947e+00,-2.330853e+00,-2.261995e+00,-2.185713e+00,-2.076243e+00,-2.019798e+00,-1.840177e+00,-1.753712e+00,-1.510970e+00,-1.441098e+00,-1.186097e+00,-1.061349e+00,-7.832437e-01,-9.261791e-01,-6.247617e-01,-2.335738e-01,3.006839e-01,1.290600e+00,2.561490e+00,4.004203e+00,3.010947e+00,1.634664e+00,7.592904e-01,-2.514356e-01,-6.897260e-01,-1.083208e+00,-1.308228e+00,-1.044111e+00,-2.022473e+00,-2.402313e+00,-1.516778e+00,-1.977451e+00,-2.654002e+00
-3.245500e+00,-3.245018e+00,-3.243709e+00,-3.241323e+00,-3.233832e+00,-3.180803e+00,-3.108875e+00,-3.064375e+00,-2.999575e+00,-2.925091e+00,-2.953951e+00,-2.969097e+00,-2.939423e+00,-2.874663e+00,-2.795688e+00,-2.730758e+00,-2.674134e+00,-2.619327e+00,-2.526718e+00,-2.409060e+00,-2.343384e+00,-2.250801e+00,-2.136294e+00,-2.047787e+00,-1.945400e+00,-1.805637e+00,-1.709178e+00,-1.605231e+00,-1.458890e+00,-1.300536e+00,-1.264494e+00,-1.242604e+00,-1.058028e+00,-6.098057e-01,-2.073222e-01,3.114112e-01,7.583767e-01,1.249172e+00,1.173785e+00,8.921849e-01,5.747948e-01,5.531739e-02,-4.675484e-01,-6.649457e-01,-1.192476e+00,-2.856151e-01,-1.009611e+00,-1.877108e+00,-8.691936e-01,2.204092e+00,3.742593e+00