 #  BPASSv2.2.1_kroupa_binary_MMax=100
 # Modelfile  models/yor/BPASSv2.2.1_imf135_100-bin.yor
 # Data model:
 # Number of ages (int)
 # Number of Metallicities (int)
 # Ages (Myr) 1D float array
 # Metallicities (absolute, not /0.02) 1D float array
 # Emissivity (age,Z) 2D float array, Number of ages rows, number of metallicities lines
 # in phot/s/Msun of initial stellar mass
 # MAB1600 (age,Z) 2D float array, Number of ages rows, number of metallicities lines
 # Contbetalow (age,Z) 2D float array, Number of ages rows, number of metallicities lines, Continuum at low lambda end of band for estimating beta: 1492 Angstrom
 # Contbetahigh (age,Z) 2D float array, Number of ages rows, number of metallicities lines, Continuum at high lambda end of band for estimating beta: 2621 Angstrom
 # betas (age,Z) 2D float array, Number of ages rows, number of metallicities lines, Continuum at high lambda end of band for estimating beta
51
13
1.000000e+00,1.258925e+00,1.584893e+00,1.995262e+00,2.511886e+00,3.162278e+00,3.981072e+00,5.011872e+00,6.309573e+00,7.943282e+00,1.000000e+01,1.258925e+01,1.584893e+01,1.995262e+01,2.511886e+01,3.162278e+01,3.981072e+01,5.011872e+01,6.309573e+01,7.943282e+01,1.000000e+02,1.258925e+02,1.584893e+02,1.995262e+02,2.511886e+02,3.162278e+02,3.981072e+02,5.011872e+02,6.309573e+02,7.943282e+02,1.000000e+03,1.258925e+03,1.584893e+03,1.995262e+03,2.511886e+03,3.162278e+03,3.981072e+03,5.011872e+03,6.309573e+03,7.943282e+03,1.000000e+04,1.258925e+04,1.584893e+04,1.995262e+04,2.511886e+04,3.162278e+04,3.981072e+04,5.011872e+04,6.309573e+04,7.943282e+04,1.000000e+05
4.000000e-02,3.000000e-02,2.000000e-02,1.400000e-02,1.000000e-02,8.000000e-03,6.000000e-03,4.000000e-03,3.000000e-03,2.000000e-03,1.000000e-03,1.000000e-04,1.000000e-05
3.367799e+46,2.896408e+46,2.446214e+46,1.831774e+46,1.431207e+46,1.205431e+46,6.643107e+45,3.512659e+45,1.946448e+45,1.141996e+45,7.189282e+44,4.462360e+44,2.692409e+44,1.775223e+44,1.366916e+44,8.627779e+43,5.592786e+43,4.412785e+43,3.460426e+43,2.419315e+43,1.520724e+43,1.146449e+43,7.540303e+42,3.441453e+42,2.609392e+42,1.302553e+42,5.354450e+41,4.440557e+41,2.002844e+41,1.688359e+41,1.767210e+41,1.064414e+41,6.077730e+40,5.622648e+40,6.989508e+40,4.464081e+40,5.114322e+40,3.494032e+40,2.531930e+40,8.624662e+38,4.221026e+41,3.716521e+41,2.139933e+41,2.324419e+41,1.554942e+41,7.453058e+40,6.355543e+40,1.612017e+41,4.544303e+40,1.121495e+40,7.652050e+39
3.444599e+46,3.054194e+46,2.746579e+46,2.179836e+46,1.640307e+46,1.364170e+46,8.146326e+45,4.545548e+45,2.344091e+45,1.394889e+45,8.483954e+44,4.733037e+44,2.947184e+44,2.144811e+44,1.161598e+44,9.063546e+43,6.390260e+43,4.388322e+43,3.263474e+43,2.652387e+43,1.652886e+43,1.133710e+43,6.853833e+42,2.980736e+42,2.221305e+42,1.322397e+42,4.431020e+41,3.996119e+41,1.987538e+41,1.419255e+41,1.596871e+41,1.089479e+41,3.115863e+40,6.960475e+40,6.441914e+40,5.477096e+40,3.924806e+40,3.314961e+40,2.228720e+40,2.009486e+40,1.330110e+40,1.158054e+39,2.204856e+38,1.589404e+41,2.875632e+41,3.444052e+41,1.401053e+41,1.486911e+41,6.194999e+40,1.108332e+41,8.707220e+40
3.588460e+46,3.446737e+46,3.272112e+46,2.887824e+46,2.195368e+46,1.913268e+46,1.256498e+46,6.814553e+45,3.280136e+45,2.000523e+45,1.045382e+45,5.996288e+44,3.260502e+44,2.059529e+44,1.219612e+44,9.643091e+43,6.756458e+43,4.937283e+43,4.522041e+43,2.771242e+43,1.830228e+43,1.200597e+43,9.493436e+42,4.514895e+42,4.207966e+42,1.814452e+42,5.872425e+41,4.833731e+41,2.691757e+41,1.934615e+41,1.418112e+41,7.888225e+40,4.588588e+40,6.886672e+40,5.430537e+40,4.446433e+40,3.377296e+40,3.085258e+40,2.081107e+40,1.364385e+40,1.447904e+40,9.423559e+39,8.170628e+39,3.216305e+39,1.386874e+37,8.750582e+40,2.559228e+41,2.528525e+41,1.872067e+41,9.538402e+40,7.294505e+40
3.685505e+46,3.661988e+46,3.562270e+46,3.311137e+46,2.571366e+46,2.047645e+46,1.418341e+46,7.669460e+45,3.971619e+45,2.117753e+45,1.164584e+45,6.635860e+44,3.853192e+44,2.148071e+44,1.474764e+44,9.183218e+43,7.755959e+43,4.574436e+43,4.181651e+43,2.524433e+43,2.004965e+43,1.389999e+43,8.362597e+42,4.312987e+42,3.165728e+42,1.730189e+42,5.623882e+41,4.001259e+41,2.073125e+41,2.083367e+41,1.076567e+41,9.316550e+40,4.319835e+40,5.509847e+40,6.473912e+40,3.952970e+40,3.052343e+40,2.195635e+40,1.871363e+40,1.637577e+40,9.446462e+39,9.736677e+39,8.392970e+39,7.267910e+39,6.235392e+39,2.230070e+39,5.990531e+35,9.623942e+40,2.663919e+41,2.220976e+41,9.278150e+40
3.879565e+46,4.073423e+46,4.063819e+46,3.795906e+46,3.079485e+46,2.609477e+46,1.813403e+46,9.644809e+45,5.020300e+45,2.471598e+45,1.374329e+45,7.615558e+44,4.119406e+44,2.436082e+44,1.554399e+44,1.017580e+44,7.471698e+43,5.684432e+43,3.368315e+43,2.172459e+43,1.727169e+43,1.287401e+43,7.660249e+42,4.469998e+42,2.719016e+42,1.552808e+42,8.773384e+41,4.210970e+41,2.620132e+41,1.689539e+41,1.207502e+41,3.485800e+40,5.723974e+40,5.954444e+40,4.695063e+40,3.167401e+40,2.905843e+40,2.566430e+40,1.398754e+40,1.399890e+40,1.110059e+40,8.278868e+39,8.790320e+39,6.462960e+39,6.708074e+39,3.754281e+39,1.692653e+39,1.402585e+35,8.263154e+40,1.429126e+41,1.056385e+41
3.930501e+46,4.204687e+46,4.290072e+46,4.171085e+46,3.561293e+46,2.997674e+46,2.093749e+46,1.130076e+46,5.981227e+45,2.742714e+45,1.477579e+45,8.111297e+44,4.373485e+44,2.565525e+44,1.573730e+44,1.106603e+44,7.517744e+43,5.837471e+43,3.994024e+43,3.013615e+43,1.833674e+43,1.823128e+43,1.000169e+43,6.130052e+42,4.041017e+42,2.611594e+42,1.528608e+42,6.873736e+41,4.643077e+41,2.363029e+41,9.654129e+40,6.505279e+40,4.314965e+40,5.829021e+40,4.006863e+40,3.120398e+40,2.875297e+40,1.991926e+40,1.719771e+40,1.034414e+40,9.435679e+39,9.348471e+39,7.363013e+39,5.908638e+39,6.191817e+39,3.724763e+39,3.482499e+39,3.605284e+36,2.548052e+40,3.387178e+41,1.381819e+41
4.014402e+46,4.361431e+46,4.464661e+46,4.441406e+46,3.975684e+46,3.363714e+46,2.304202e+46,1.296270e+46,6.650582e+45,3.022872e+45,1.608607e+45,8.803130e+44,5.172887e+44,2.616187e+44,1.856601e+44,1.132099e+44,7.507844e+43,6.393011e+43,3.950315e+43,2.658349e+43,2.397248e+43,1.281565e+43,9.656520e+42,6.228559e+42,4.235644e+42,2.812961e+42,1.881361e+42,7.586876e+41,5.915752e+41,2.567655e+41,1.452033e+41,9.913407e+40,9.903896e+40,5.927481e+40,4.413082e+40,3.239420e+40,2.192660e+40,1.661006e+40,1.614351e+40,1.052203e+40,7.922349e+39,9.406292e+39,7.057271e+39,5.221446e+39,6.088724e+39,3.609216e+39,3.322025e+39,2.496295e+39,3.270794e+38,7.417921e+40,1.388339e+41
4.037911e+46,4.496882e+46,4.656884e+46,4.714585e+46,4.400809e+46,3.856828e+46,2.665010e+46,1.688420e+46,8.916413e+45,4.309323e+45,2.275565e+45,1.258263e+45,7.037362e+44,3.729941e+44,1.609823e+44,1.146511e+44,7.957973e+43,6.299112e+43,4.150856e+43,2.594627e+43,2.660396e+43,1.572657e+43,9.234859e+42,7.051327e+42,4.562508e+42,2.605886e+42,2.102870e+42,9.899012e+41,5.757091e+41,2.878704e+41,1.377607e+41,8.881035e+40,8.438605e+40,5.960774e+40,4.055898e+40,2.975223e+40,2.096067e+40,1.801129e+40,9.750948e+39,1.173630e+40,9.587309e+39,4.834139e+39,8.084104e+39,4.220790e+39,5.152436e+39,3.315897e+39,3.002940e+39,2.418610e+39,3.286502e+37,1.002221e+41,1.504772e+41
4.051572e+46,4.573968e+46,4.761556e+46,4.896250e+46,4.712207e+46,4.192360e+46,2.918848e+46,1.795609e+46,9.303756e+45,4.805582e+45,2.693278e+45,1.506720e+45,7.628162e+44,3.748696e+44,1.696908e+44,1.221337e+44,8.502553e+43,6.129312e+43,5.386022e+43,3.316386e+43,2.861258e+43,1.991788e+43,9.429617e+42,6.368834e+42,3.501421e+42,2.418269e+42,1.657509e+42,4.609253e+41,2.844686e+41,1.988224e+41,1.088391e+41,8.000300e+40,8.123440e+40,4.954142e+40,3.641211e+40,2.732319e+40,1.966443e+40,1.723844e+40,1.031850e+40,8.144181e+39,9.444354e+39,6.803727e+39,7.528356e+39,4.018882e+39,3.220282e+39,3.012053e+39,2.711145e+39,2.698252e+39,6.366956e+40,2.703838e+41,5.011468e+37
4.065792e+46,4.677209e+46,4.924755e+46,5.120202e+46,5.061669e+46,4.559204e+46,3.225068e+46,1.898819e+46,1.053659e+46,5.763555e+45,3.212747e+45,1.774282e+45,7.666970e+44,4.037507e+44,1.788925e+44,1.341916e+44,9.320883e+43,7.453732e+43,4.698948e+43,3.459246e+43,2.363090e+43,1.478818e+43,7.932172e+42,4.920721e+42,3.608599e+42,1.892973e+42,1.116686e+42,5.048638e+41,2.552558e+41,1.845893e+41,9.006241e+40,9.330629e+40,8.784295e+40,5.173958e+40,3.523789e+40,2.805895e+40,1.619858e+40,1.616951e+40,1.102668e+40,6.960944e+39,9.554590e+39,5.828451e+39,5.711675e+39,5.091825e+39,3.066142e+39,2.789062e+39,4.588353e+39,4.742973e+40,1.302114e+41,2.546960e+41,1.058368e+41
4.022190e+46,4.709674e+46,5.049063e+46,5.320246e+46,5.394326e+46,4.963190e+46,3.413359e+46,2.191989e+46,1.278338e+46,7.497320e+45,4.122732e+45,2.187676e+45,7.498309e+44,4.128023e+44,1.824345e+44,1.388745e+44,9.303986e+43,7.209888e+43,5.192293e+43,3.334018e+43,2.285164e+43,1.497868e+43,6.990520e+42,4.347226e+42,2.098894e+42,1.448840e+42,8.307860e+41,4.538042e+41,2.144383e+41,1.531358e+41,1.117558e+41,1.276710e+41,5.847642e+40,4.838150e+40,3.568772e+40,2.139798e+40,1.959016e+40,1.005656e+40,9.656337e+39,1.019817e+40,5.764656e+39,7.971457e+39,3.183965e+39,3.972824e+39,2.705070e+39,2.678134e+39,1.653961e+40,6.558031e+40,3.068845e+41,3.345063e+41,1.886088e+30
4.127180e+46,4.630908e+46,5.044719e+46,5.642827e+46,6.221911e+46,5.711895e+46,4.237998e+46,3.095332e+46,2.047778e+46,1.215723e+46,6.685537e+45,3.052598e+45,1.092124e+45,4.212472e+44,1.233129e+44,7.761474e+43,5.267222e+43,3.965684e+43,2.587982e+43,1.796818e+43,1.251049e+43,8.368694e+42,4.260383e+42,1.884849e+42,1.125176e+42,5.026398e+41,4.558046e+41,1.945167e+41,1.255745e+41,7.793285e+40,1.056732e+41,5.160704e+40,3.852104e+40,2.677614e+40,2.315478e+40,1.727095e+40,1.674165e+40,6.669778e+39,1.022989e+40,1.187452e+40,4.829424e+39,1.270502e+40,2.883524e+39,1.257270e+39,1.550480e+39,5.149619e+39,1.358192e+40,1.498946e+41,3.643873e+41,1.568545e+41,1.198959e+41
4.237936e+46,4.733290e+46,5.058022e+46,5.704109e+46,6.437633e+46,6.171564e+46,4.635045e+46,3.534745e+46,2.451590e+46,1.501207e+46,8.044234e+45,3.493567e+45,1.469052e+45,5.579625e+44,1.527703e+44,7.694875e+43,3.660921e+43,2.102821e+43,1.239932e+43,7.630156e+42,4.720320e+42,3.240732e+42,1.451879e+42,1.181722e+42,9.542286e+41,4.645689e+41,2.718677e+41,1.577458e+41,9.184750e+40,6.419352e+40,4.569162e+40,5.487596e+40,4.240400e+40,2.596619e+40,2.213304e+40,1.932295e+40,2.224820e+40,7.688290e+39,1.925993e+40,1.531262e+40,2.337617e+39,2.426120e+40,3.208564e+39,4.128268e+38,9.774992e+38,2.672674e+39,1.759259e+40,2.745297e+41,4.220731e+41,1.003286e+40,1.965415e+37
-8.446906e-01,-9.802480e-01,-1.044899e+00,-1.128707e+00,-1.089371e+00,-9.036614e-01,-5.454979e-01,-1.587515e-01,1.843662e-01,6.092118e-01,9.937185e-01,1.366383e+00,1.727900e+00,2.031528e+00,2.289672e+00,2.543656e+00,2.819765e+00,3.150186e+00,3.458885e+00,3.804009e+00,4.196978e+00,4.613090e+00,5.111387e+00,5.726803e+00,6.570901e+00,7.557986e+00,8.255731e+00,9.007281e+00,9.821100e+00,1.036717e+01,1.086526e+01,1.178999e+01,1.305951e+01,1.315507e+01,1.398834e+01,1.434775e+01,1.454479e+01,1.530352e+01,1.527457e+01,1.380974e+01,1.113213e+01,1.181510e+01,1.202833e+01,1.234919e+01,1.221206e+01,1.323062e+01,1.280376e+01,1.258613e+01,1.367824e+01,1.371346e+01,1.382962e+01
-7.989752e-01,-9.445961e-01,-1.010838e+00,-1.088336e+00,-1.106334e+00,-9.645658e-01,-6.158146e-01,-2.674527e-01,1.072644e-01,5.013245e-01,8.853866e-01,1.263479e+00,1.611486e+00,1.939209e+00,2.209542e+00,2.465159e+00,2.738405e+00,3.039121e+00,3.351344e+00,3.684854e+00,4.010555e+00,4.403822e+00,4.887621e+00,5.411458e+00,6.091283e+00,7.080115e+00,8.069225e+00,8.632305e+00,9.336390e+00,9.867021e+00,1.065308e+01,1.189667e+01,1.240366e+01,1.291054e+01,1.351951e+01,1.417864e+01,1.476828e+01,1.497258e+01,1.571267e+01,1.548552e+01,1.567699e+01,1.629685e+01,1.180642e+01,1.205379e+01,1.228868e+01,1.209493e+01,1.280995e+01,1.260367e+01,1.345909e+01,1.262219e+01,1.317082e+01
-6.629950e-01,-7.959391e-01,-8.681623e-01,-9.784804e-01,-1.093445e+00,-9.984592e-01,-6.848697e-01,-3.668573e-01,-1.297290e-02,3.777831e-01,7.724201e-01,1.159755e+00,1.502739e+00,1.824488e+00,2.067838e+00,2.341913e+00,2.605588e+00,2.887141e+00,3.178610e+00,3.495627e+00,3.801755e+00,4.192783e+00,4.619509e+00,5.136286e+00,5.692988e+00,6.464059e+00,7.247678e+00,8.079409e+00,8.758285e+00,9.689099e+00,1.038293e+01,1.116774e+01,1.180498e+01,1.227961e+01,1.328543e+01,1.419172e+01,1.468300e+01,1.498056e+01,1.536337e+01,1.560128e+01,1.604786e+01,1.595588e+01,1.688735e+01,1.634173e+01,1.356766e+01,1.123659e+01,1.246851e+01,1.266220e+01,1.260095e+01,1.361156e+01,1.370241e+01
-6.194248e-01,-7.517171e-01,-8.197875e-01,-9.226655e-01,-1.069733e+00,-1.055027e+00,-7.519821e-01,-4.452467e-01,-9.799803e-02,2.594825e-01,6.614133e-01,1.041712e+00,1.404033e+00,1.731772e+00,1.983607e+00,2.252519e+00,2.526871e+00,2.781300e+00,3.078996e+00,3.386372e+00,3.664232e+00,4.031151e+00,4.407399e+00,4.874779e+00,5.385448e+00,6.037325e+00,6.844112e+00,7.700818e+00,8.372324e+00,9.288577e+00,1.058008e+01,1.089083e+01,1.117185e+01,1.196688e+01,1.297702e+01,1.412413e+01,1.503546e+01,1.505816e+01,1.523368e+01,1.534760e+01,1.654869e+01,1.562299e+01,1.587965e+01,1.673572e+01,1.557215e+01,1.607753e+01,1.228512e+01,1.164243e+01,1.258658e+01,1.260907e+01,1.352389e+01
-5.939305e-01,-7.443651e-01,-8.214208e-01,-9.552862e-01,-1.122779e+00,-1.089030e+00,-8.047178e-01,-5.108115e-01,-1.665301e-01,1.957862e-01,5.964816e-01,9.715252e-01,1.317164e+00,1.649431e+00,1.923272e+00,2.188694e+00,2.454109e+00,2.721579e+00,3.028356e+00,3.293328e+00,3.566569e+00,3.930184e+00,4.255356e+00,4.691427e+00,5.163521e+00,5.657763e+00,6.432107e+00,7.277874e+00,8.105233e+00,9.107654e+00,1.028286e+01,1.074583e+01,1.113223e+01,1.168625e+01,1.271329e+01,1.364101e+01,1.442411e+01,1.489114e+01,1.523374e+01,1.589197e+01,1.529770e+01,1.662254e+01,1.561658e+01,1.552105e+01,1.612922e+01,1.765801e+01,1.669612e+01,1.246517e+01,1.178975e+01,1.340396e+01,1.334249e+01
-5.212097e-01,-6.633930e-01,-7.423772e-01,-8.653203e-01,-1.046456e+00,-1.041473e+00,-7.658781e-01,-4.892571e-01,-1.497647e-01,1.922183e-01,6.044185e-01,9.678516e-01,1.300298e+00,1.621570e+00,1.865354e+00,2.128770e+00,2.391925e+00,2.642766e+00,2.932456e+00,3.184520e+00,3.466523e+00,3.794385e+00,4.128230e+00,4.520728e+00,4.976445e+00,5.483803e+00,6.089795e+00,6.870679e+00,7.868901e+00,8.931466e+00,9.716757e+00,1.015043e+01,1.092347e+01,1.171910e+01,1.221420e+01,1.371214e+01,1.436456e+01,1.488552e+01,1.509058e+01,1.601346e+01,1.551473e+01,1.546844e+01,1.661296e+01,1.536616e+01,1.666758e+01,1.759711e+01,1.461818e+01,1.227619e+01,1.152726e+01,1.244534e+01,1.332566e+01
-4.943968e-01,-6.299326e-01,-7.105157e-01,-8.298502e-01,-1.011704e+00,-1.034900e+00,-7.859868e-01,-5.200424e-01,-1.870630e-01,1.453190e-01,5.526699e-01,9.094187e-01,1.263695e+00,1.564419e+00,1.818351e+00,2.100122e+00,2.353723e+00,2.611387e+00,2.891807e+00,3.128713e+00,3.387683e+00,3.716374e+00,4.017337e+00,4.373680e+00,4.825391e+00,5.313110e+00,5.848372e+00,6.557622e+00,7.374460e+00,8.311430e+00,9.262447e+00,9.868068e+00,1.071366e+01,1.118210e+01,1.238389e+01,1.316244e+01,1.445142e+01,1.553077e+01,1.498687e+01,1.509897e+01,1.652529e+01,1.531936e+01,1.654200e+01,1.538157e+01,1.647833e+01,1.762539e+01,1.409209e+01,1.205862e+01,1.147375e+01,1.252914e+01,1.329545e+01
-4.517779e-01,-5.741067e-01,-6.582667e-01,-7.786251e-01,-9.717968e-01,-1.018237e+00,-7.787469e-01,-5.196144e-01,-2.118598e-01,1.200728e-01,5.213680e-01,8.920055e-01,1.230784e+00,1.525292e+00,1.785275e+00,2.053023e+00,2.324034e+00,2.575058e+00,2.834592e+00,3.062759e+00,3.319550e+00,3.617729e+00,3.911289e+00,4.272704e+00,4.730665e+00,5.189704e+00,5.652122e+00,6.245686e+00,6.890608e+00,7.653975e+00,8.457083e+00,9.452088e+00,1.011645e+01,1.071363e+01,1.214119e+01,1.314868e+01,1.407022e+01,1.471689e+01,1.573625e+01,1.507236e+01,1.519884e+01,1.660896e+01,1.506571e+01,1.645971e+01,1.710095e+01,1.764643e+01,1.278623e+01,1.171062e+01,1.223804e+01,1.148164e+01,1.311102e+01
-4.371120e-01,-5.543379e-01,-6.271597e-01,-7.450779e-01,-9.283562e-01,-9.995503e-01,-7.724390e-01,-5.255239e-01,-1.954202e-01,1.250595e-01,4.937023e-01,8.664843e-01,1.202755e+00,1.487060e+00,1.752528e+00,2.024922e+00,2.296341e+00,2.546093e+00,2.805684e+00,3.032528e+00,3.269324e+00,3.572060e+00,3.908476e+00,4.298217e+00,4.676647e+00,5.129704e+00,5.600116e+00,6.116589e+00,6.645156e+00,7.281823e+00,7.927758e+00,8.824389e+00,9.985379e+00,1.076210e+01,1.164964e+01,1.283827e+01,1.376898e+01,1.457094e+01,1.465205e+01,1.529442e+01,1.508870e+01,1.638500e+01,1.489333e+01,1.667923e+01,1.769129e+01,1.375367e+01,1.202387e+01,1.149550e+01,1.117944e+01,1.179803e+01,1.858131e+01
-4.202260e-01,-5.354008e-01,-5.958731e-01,-7.067188e-01,-8.864156e-01,-9.912131e-01,-7.804952e-01,-5.300318e-01,-1.978013e-01,9.922577e-02,4.387456e-01,7.949350e-01,1.126280e+00,1.427505e+00,1.714167e+00,1.980665e+00,2.254067e+00,2.522684e+00,2.747147e+00,2.969633e+00,3.242731e+00,3.541099e+00,3.819439e+00,4.172334e+00,4.565442e+00,5.042926e+00,5.415911e+00,5.934341e+00,6.362927e+00,6.860633e+00,7.445373e+00,8.275238e+00,9.333397e+00,1.046568e+01,1.124176e+01,1.280659e+01,1.380231e+01,1.429088e+01,1.424806e+01,1.630516e+01,1.489698e+01,1.679329e+01,1.491765e+01,1.536827e+01,1.229151e+01,1.150138e+01,1.119853e+01,1.086610e+01,1.202145e+01,1.166298e+01,1.279624e+01
-3.871147e-01,-5.087918e-01,-5.575936e-01,-6.514172e-01,-8.260984e-01,-9.610122e-01,-7.715093e-01,-5.068832e-01,-1.906945e-01,7.359935e-02,3.898527e-01,7.039579e-01,1.032844e+00,1.367649e+00,1.641873e+00,1.896779e+00,2.158873e+00,2.434512e+00,2.669650e+00,2.900107e+00,3.174613e+00,3.472507e+00,3.773763e+00,4.116549e+00,4.491491e+00,4.956279e+00,5.331321e+00,5.743613e+00,6.107564e+00,6.492277e+00,6.936487e+00,7.594418e+00,8.421910e+00,9.584794e+00,1.100020e+01,1.194944e+01,1.286848e+01,1.414790e+01,1.404754e+01,1.456267e+01,1.587547e+01,1.415008e+01,1.256962e+01,1.097448e+01,1.098485e+01,1.080500e+01,1.059852e+01,1.150539e+01,1.130551e+01,1.180075e+01,2.297230e+01
-3.276907e-01,-4.024470e-01,-4.637039e-01,-5.481114e-01,-6.825148e-01,-8.455023e-01,-7.276885e-01,-5.095034e-01,-2.739675e-01,-3.607122e-02,2.694081e-01,5.792069e-01,9.109293e-01,1.205272e+00,1.527488e+00,1.771422e+00,1.987041e+00,2.237883e+00,2.527001e+00,2.724919e+00,2.996312e+00,3.303646e+00,3.591766e+00,3.925837e+00,4.167685e+00,4.550233e+00,4.932648e+00,5.375658e+00,5.739968e+00,6.022022e+00,6.388834e+00,6.838458e+00,7.374983e+00,7.939248e+00,8.581361e+00,9.457640e+00,1.047040e+01,1.158406e+01,1.140216e+01,1.070596e+01,1.036859e+01,1.003846e+01,1.046507e+01,1.047855e+01,1.047055e+01,1.054207e+01,1.076324e+01,1.079567e+01,1.141551e+01,1.250186e+01,1.275893e+01
-2.978803e-01,-3.808279e-01,-4.284343e-01,-5.112256e-01,-6.095366e-01,-7.745644e-01,-6.660106e-01,-4.696121e-01,-2.306380e-01,1.605176e-02,2.915829e-01,5.960686e-01,9.350926e-01,1.197307e+00,1.492035e+00,1.764510e+00,2.021502e+00,2.235570e+00,2.476772e+00,2.646928e+00,2.962545e+00,3.182675e+00,3.465269e+00,3.782497e+00,4.061695e+00,4.332978e+00,4.703704e+00,5.109071e+00,5.369894e+00,5.718455e+00,5.915135e+00,6.415295e+00,6.828270e+00,7.390841e+00,7.973923e+00,8.626484e+00,9.170315e+00,9.726350e+00,1.015336e+01,1.009202e+01,1.017324e+01,1.007889e+01,1.056844e+01,1.067915e+01,1.027892e+01,1.071869e+01,1.149968e+01,1.099443e+01,1.133278e+01,1.466046e+01,1.718762e+01
1.555430e+33,1.812132e+33,1.946717e+33,2.128215e+33,1.970168e+33,1.627712e+33,1.178498e+33,8.357656e+32,5.861035e+32,3.611228e+32,2.356802e+32,1.637540e+32,1.133591e+32,8.348363e+31,6.778452e+31,5.472241e+31,4.268417e+31,3.167694e+31,2.403595e+31,1.760736e+31,1.231521e+31,8.379105e+30,5.221405e+30,2.826385e+30,1.159306e+30,4.218382e+29,2.522145e+29,1.425213e+29,6.651264e+28,3.973191e+28,2.515434e+28,1.043175e+28,3.096828e+27,2.531705e+27,1.204732e+27,1.039539e+27,9.012462e+26,4.320280e+26,4.554354e+26,1.575107e+27,2.398092e+28,1.308894e+28,1.081951e+28,8.085825e+27,9.431244e+27,3.686125e+27,5.639167e+27,6.750931e+27,2.521762e+27,2.494874e+27,2.217715e+27
1.483545e+33,1.752334e+33,1.880688e+33,2.041122e+33,2.013538e+33,1.721394e+33,1.269482e+33,9.184587e+32,6.516076e+32,4.209858e+32,2.656410e+32,1.822768e+32,1.297118e+32,9.314199e+31,7.250202e+31,5.881714e+31,4.597325e+31,3.497822e+31,2.639835e+31,1.954348e+31,1.454837e+31,1.014278e+31,6.452534e+30,3.887942e+30,1.949459e+30,6.840401e+29,2.597294e+29,1.887725e+29,1.042288e+29,6.346529e+28,3.082696e+28,9.673072e+27,5.728125e+27,3.418800e+27,1.772437e+27,1.248425e+27,7.313944e+26,6.048036e+26,2.971809e+26,3.764420e+26,3.167081e+26,1.828817e+26,1.074545e+28,1.044458e+28,8.210470e+27,9.643454e+27,5.131716e+27,6.390724e+27,2.920249e+27,6.406093e+27,3.830414e+27
1.240379e+33,1.442634e+33,1.569367e+33,1.767817e+33,1.949149e+33,1.767597e+33,1.335862e+33,1.004006e+33,7.191000e+32,4.891251e+32,3.193560e+32,2.028396e+32,1.453902e+32,1.070907e+32,8.465435e+31,6.597404e+31,5.214379e+31,4.019205e+31,3.081243e+31,2.308842e+31,1.747493e+31,1.222579e+31,8.243297e+30,5.072726e+30,2.962939e+30,1.355395e+30,5.906653e+29,2.664855e+29,1.667792e+29,7.470111e+28,3.938713e+28,1.913998e+28,1.019345e+28,6.273506e+27,2.289714e+27,1.031620e+27,7.543073e+26,6.012673e+26,4.191730e+26,3.435593e+26,2.208126e+26,2.436185e+26,1.018217e+26,1.745002e+26,2.142238e+27,1.965823e+28,6.670931e+27,5.836689e+27,5.907807e+27,2.451200e+27,2.174758e+27
1.157916e+33,1.328022e+33,1.431217e+33,1.608550e+33,1.876192e+33,1.817008e+33,1.387478e+33,1.047188e+33,7.639561e+32,5.391587e+32,3.571956e+32,2.311235e+32,1.600318e+32,1.171298e+32,9.242380e+31,7.211456e+31,5.611796e+31,4.432742e+31,3.374462e+31,2.547178e+31,1.978244e+31,1.414341e+31,1.000890e+31,6.486043e+30,4.005464e+30,2.119049e+30,9.218099e+29,3.723559e+29,2.210250e+29,1.039287e+29,3.181500e+28,2.503250e+28,1.861224e+28,8.129743e+27,3.252670e+27,1.074195e+27,5.114569e+26,5.580785e+26,4.780055e+26,4.310718e+26,1.397520e+26,3.365597e+26,2.649207e+26,1.186536e+26,3.551665e+26,1.251767e+26,7.043298e+27,1.358437e+28,6.042915e+27,5.808602e+27,2.501406e+27
1.103392e+33,1.284522e+33,1.390527e+33,1.598637e+33,1.871491e+33,1.799246e+33,1.415453e+33,1.099650e+33,8.005864e+32,5.727398e+32,3.818135e+32,2.526012e+32,1.746689e+32,1.271689e+32,9.819450e+31,7.682959e+31,6.011453e+31,4.685687e+31,3.534820e+31,2.772560e+31,2.159481e+31,1.547584e+31,1.148536e+31,7.674086e+30,4.942664e+30,3.089637e+30,1.448866e+30,5.951902e+29,2.644437e+29,1.090699e+29,4.061926e+28,2.801574e+28,1.914074e+28,1.127088e+28,4.268894e+27,1.647126e+27,9.123820e+26,6.522425e+26,4.798314e+26,2.546324e+26,4.529319e+26,1.316304e+26,3.376128e+26,3.725492e+26,2.081969e+26,5.023987e+25,5.280156e+25,5.955230e+27,1.178276e+28,2.929089e+27,2.948333e+27
1.014649e+33,1.166326e+33,1.262113e+33,1.431968e+33,1.716353e+33,1.707909e+33,1.348464e+33,1.059039e+33,7.736546e+32,5.629716e+32,3.817878e+32,2.605502e+32,1.787775e+32,1.310060e+32,1.039431e+32,8.148509e+31,6.390724e+31,5.056399e+31,3.869607e+31,3.070089e+31,2.370812e+31,1.754299e+31,1.292111e+31,8.998687e+30,5.896714e+30,3.667921e+30,2.055923e+30,9.368252e+29,3.344276e+29,1.160446e+29,6.586568e+28,4.845371e+28,2.308449e+28,1.107747e+28,6.870277e+27,1.585953e+27,9.634507e+26,6.523149e+26,5.443685e+26,2.227252e+26,3.665652e+26,3.870884e+26,1.323813e+26,4.231657e+26,1.265907e+26,5.324278e+25,7.061996e+26,7.074883e+27,1.445021e+28,7.660140e+27,3.405226e+27
9.773882e+32,1.112992e+33,1.203555e+33,1.356387e+33,1.626468e+33,1.667951e+33,1.345309e+33,1.066816e+33,7.861325e+32,5.771900e+32,3.938959e+32,2.770350e+32,1.885700e+32,1.386466e+32,1.089056e+32,8.386035e+31,6.624709e+31,5.214459e+31,4.023657e+31,3.234900e+31,2.549515e+31,1.884752e+31,1.429035e+31,1.029356e+31,6.782400e+30,4.315382e+30,2.614102e+30,1.320555e+30,5.816010e+29,2.170743e+29,9.164085e+28,6.088298e+28,2.880457e+28,1.865515e+28,5.760214e+27,2.829777e+27,8.635535e+26,3.457610e+26,5.923430e+26,5.155624e+26,1.427970e+26,4.425142e+26,1.419206e+26,4.146655e+26,1.511511e+26,5.180324e+25,1.242062e+27,8.654987e+27,1.481733e+28,6.143482e+27,3.498404e+27
9.262767e+32,1.039084e+33,1.126258e+33,1.265953e+33,1.529402e+33,1.604225e+33,1.294610e+33,1.031029e+33,7.768573e+32,5.759671e+32,3.986555e+32,2.808320e+32,1.974179e+32,1.444500e+32,1.129120e+32,8.790821e+31,6.828214e+31,5.415533e+31,4.254903e+31,3.444741e+31,2.718165e+31,2.065382e+31,1.574710e+31,1.128380e+31,7.394244e+30,4.837867e+30,3.157045e+30,1.816273e+30,9.815036e+29,4.538651e+29,1.973805e+29,7.979855e+28,4.908316e+28,2.897945e+28,7.527981e+27,2.926384e+27,1.237915e+27,7.486380e+26,2.754321e+26,5.328899e+26,4.915147e+26,1.322995e+26,5.540997e+26,1.535156e+26,8.419674e+25,4.683551e+25,4.316540e+27,1.190794e+28,7.337028e+27,1.531792e+28,4.115278e+27
9.066946e+32,1.011242e+33,1.083764e+33,1.213832e+33,1.450330e+33,1.557700e+33,1.269912e+33,1.021753e+33,7.579794e+32,5.670351e+32,4.032258e+32,2.844420e+32,2.033716e+32,1.502921e+32,1.165962e+32,9.022844e+31,7.005838e+31,5.558290e+31,4.372540e+31,3.543452e+31,2.849221e+31,2.155486e+31,1.579273e+31,1.102726e+31,7.773641e+30,5.119683e+30,3.318078e+30,2.059692e+30,1.259395e+30,6.844692e+29,3.555719e+29,1.485630e+29,5.249088e+28,2.753283e+28,1.227512e+28,4.013118e+27,1.661225e+27,8.273923e+26,7.826159e+26,4.233370e+26,5.432495e+26,1.616137e+26,6.476311e+26,1.254143e+26,4.855668e+25,1.717048e+27,8.910236e+27,1.455668e+28,2.017760e+28,1.200811e+28,2.174889e+25
8.829705e+32,9.824090e+32,1.039942e+33,1.155795e+33,1.373729e+33,1.522307e+33,1.255506e+33,1.004177e+33,7.447111e+32,5.686721e+32,4.151195e+32,2.981515e+32,2.172876e+32,1.600533e+32,1.211815e+32,9.433341e+31,7.308837e+31,5.695898e+31,4.624515e+31,3.765594e+31,2.926134e+31,2.222343e+31,1.717470e+31,1.240319e+31,8.627001e+30,5.555492e+30,3.941152e+30,2.449829e+30,1.655392e+30,1.048056e+30,6.033449e+29,2.682180e+29,9.678836e+28,3.516393e+28,1.796850e+28,4.222884e+27,1.652586e+27,1.080555e+27,1.148665e+27,1.619418e+26,6.445235e+26,1.096114e+26,6.324727e+26,3.113009e+26,6.937925e+27,1.446264e+28,1.918246e+28,2.679521e+28,9.563030e+27,1.319382e+28,4.644224e+27
8.471826e+32,9.478151e+32,9.917970e+32,1.083044e+33,1.278036e+33,1.451716e+33,1.216642e+33,9.584791e+32,7.209497e+32,5.672637e+32,4.231099e+32,3.161999e+32,2.330007e+32,1.697767e+32,1.300995e+32,1.022477e+32,8.009204e+31,6.202911e+31,4.988055e+31,4.028602e+31,3.124043e+31,2.373354e+31,1.797018e+31,1.309968e+31,9.264429e+30,6.036442e+30,4.275486e+30,2.932191e+30,2.106163e+30,1.489076e+30,1.000706e+30,5.508585e+29,2.549077e+29,8.404848e+28,2.204312e+28,9.311779e+27,4.063407e+27,1.241790e+27,1.401940e+27,8.663741e+26,2.540098e+26,1.189124e+27,5.407821e+27,2.352773e+28,2.341275e+28,2.770860e+28,3.396465e+28,1.489586e+28,1.830873e+28,1.155346e+28,3.774305e+23
7.909468e+32,8.473450e+32,8.968026e+32,9.692027e+32,1.097382e+33,1.277353e+33,1.146075e+33,9.374744e+32,7.547190e+32,6.063817e+32,4.581221e+32,3.445813e+32,2.539424e+32,1.936163e+32,1.437469e+32,1.148144e+32,9.406290e+31,7.462369e+31,5.714807e+31,4.760507e+31,3.705759e+31,2.791183e+31,2.139645e+31,1.572945e+31,1.259022e+31,8.865138e+30,6.256159e+30,4.164252e+30,2.986015e+30,2.312847e+30,1.663452e+30,1.101485e+30,6.826294e+29,4.147178e+29,2.358114e+29,1.101966e+29,4.405183e+28,1.537750e+28,1.662191e+28,3.064329e+28,4.167523e+28,5.646659e+28,3.810146e+28,3.763167e+28,3.790565e+28,3.550100e+28,2.893104e+28,2.822107e+28,1.622001e+28,5.940419e+27,4.687222e+27
7.668795e+32,8.275193e+32,8.646271e+32,9.328737e+32,1.021245e+33,1.191464e+33,1.078624e+33,8.997959e+32,7.218205e+32,5.753603e+32,4.465381e+32,3.374278e+32,2.469281e+32,1.941299e+32,1.480146e+32,1.151881e+32,9.093901e+31,7.469645e+31,5.982720e+31,5.117498e+31,3.826839e+31,3.126217e+31,2.411555e+31,1.801693e+31,1.394243e+31,1.087577e+31,7.736877e+30,5.331262e+30,4.199168e+30,3.048411e+30,2.546169e+30,1.604140e+30,1.097711e+30,6.557415e+29,3.845094e+29,2.115625e+29,1.264272e+29,7.348899e+28,4.962592e+28,5.303822e+28,4.964228e+28,5.447756e+28,3.472760e+28,3.134043e+28,4.525921e+28,3.014632e+28,1.467561e+28,2.369965e+28,1.736708e+28,7.999573e+26,7.825274e+25
2.953742e+32,3.669309e+32,4.104011e+32,4.627716e+32,4.516371e+32,3.826051e+32,2.833478e+32,2.013092e+32,1.534371e+32,1.091820e+32,7.870584e+31,5.529222e+31,3.780049e+31,2.739892e+31,2.186174e+31,1.743019e+31,1.347768e+31,9.945568e+30,7.552654e+30,5.633368e+30,4.098051e+30,2.999353e+30,2.115664e+30,1.441833e+30,9.037109e+29,5.177969e+29,3.227340e+29,1.880865e+29,1.065704e+29,6.233221e+28,3.967061e+28,2.455784e+28,1.483793e+28,1.172910e+28,8.312915e+27,5.256522e+27,3.213165e+27,1.925425e+27,1.278839e+27,1.840567e+27,5.793599e+27,3.525567e+27,2.884250e+27,1.934603e+27,2.204739e+27,7.887592e+26,1.101054e+27,1.356076e+27,4.976391e+26,4.733894e+26,4.266270e+26
2.671671e+32,3.288752e+32,3.644965e+32,4.130886e+32,4.413502e+32,4.006191e+32,2.919759e+32,2.115005e+32,1.537101e+32,1.120663e+32,8.198172e+31,5.842799e+31,4.165064e+31,2.952889e+31,2.284163e+31,1.830459e+31,1.426402e+31,1.083957e+31,8.217835e+30,6.127978e+30,4.711253e+30,3.477297e+30,2.440679e+30,1.721172e+30,1.145842e+30,6.873236e+29,4.084190e+29,2.587357e+29,1.520157e+29,9.300020e+28,5.471410e+28,3.117732e+28,2.174137e+28,1.525390e+28,1.084943e+28,6.711047e+27,4.230264e+27,2.740164e+27,1.741858e+27,1.295052e+27,8.837906e+26,7.906932e+26,3.764455e+27,2.870935e+27,2.334655e+27,2.658404e+27,1.402430e+27,1.384895e+27,6.210156e+26,1.332233e+27,8.372609e+26
2.148170e+32,2.544631e+32,2.819909e+32,3.309118e+32,4.011432e+32,3.824636e+32,2.815465e+32,2.096082e+32,1.554485e+32,1.118183e+32,8.060479e+31,5.810461e+31,4.288338e+31,3.171690e+31,2.520037e+31,1.963571e+31,1.553511e+31,1.208323e+31,9.342259e+30,7.116437e+30,5.532208e+30,4.047738e+30,2.928100e+30,2.028870e+30,1.406164e+30,9.225238e+29,6.252931e+29,4.230176e+29,2.633976e+29,1.560897e+29,9.523738e+28,5.554076e+28,3.534627e+28,2.401408e+28,1.582926e+28,9.813043e+27,6.237777e+27,3.940983e+27,2.774446e+27,2.091567e+27,1.478291e+27,9.949677e+26,7.347160e+26,5.010196e+26,1.407773e+27,4.887052e+27,1.886641e+27,1.492400e+27,1.634827e+27,6.250541e+26,6.023105e+26
2.005976e+32,2.332575e+32,2.549925e+32,2.934629e+32,3.654659e+32,3.871003e+32,2.908899e+32,2.159950e+32,1.576080e+32,1.179310e+32,8.462310e+31,6.200971e+31,4.535757e+31,3.387360e+31,2.690592e+31,2.107866e+31,1.644407e+31,1.309432e+31,1.007647e+31,7.722490e+30,6.129852e+30,4.553823e+30,3.407247e+30,2.408092e+30,1.694182e+30,1.145090e+30,7.474867e+29,5.048653e+29,3.325838e+29,2.099560e+29,1.247659e+29,7.766672e+28,5.027751e+28,3.278078e+28,2.007477e+28,1.258139e+28,8.209616e+27,5.338538e+27,3.876952e+27,2.967819e+27,2.219694e+27,1.601164e+27,1.183758e+27,8.398887e+26,5.859350e+26,5.131389e+26,2.370822e+27,3.007264e+27,1.657427e+27,1.649591e+27,7.124449e+26
1.890412e+32,2.221133e+32,2.437737e+32,2.899605e+32,3.711984e+32,3.828277e+32,2.846151e+32,2.169096e+32,1.590640e+32,1.186634e+32,8.482420e+31,6.225167e+31,4.698489e+31,3.547124e+31,2.775441e+31,2.195673e+31,1.732904e+31,1.370045e+31,1.045757e+31,8.334237e+30,6.632547e+30,4.915139e+30,3.835349e+30,2.754616e+30,1.956679e+30,1.436372e+30,9.118240e+29,6.192929e+29,4.074147e+29,2.751037e+29,1.750494e+29,1.151056e+29,7.251533e+28,4.616092e+28,2.766789e+28,1.739648e+28,1.085998e+28,7.019360e+27,5.262910e+27,3.757306e+27,2.624045e+27,2.008514e+27,1.413041e+27,1.268746e+27,4.172309e+26,2.510778e+26,6.091453e+26,2.256554e+27,2.840149e+27,7.364045e+26,8.477225e+26
1.746020e+32,2.014194e+32,2.192021e+32,2.555577e+32,3.314292e+32,3.534139e+32,2.660057e+32,2.079674e+32,1.526202e+32,1.150906e+32,8.123478e+31,6.032783e+31,4.599707e+31,3.526659e+31,2.856395e+31,2.275654e+31,1.800060e+31,1.452699e+31,1.123307e+31,9.083131e+30,7.169409e+30,5.467523e+30,4.212760e+30,3.116994e+30,2.230048e+30,1.584057e+30,1.084942e+30,7.270788e+29,4.578373e+29,3.184916e+29,2.198934e+29,1.507030e+29,9.562976e+28,5.745722e+28,3.593264e+28,2.134844e+28,1.331604e+28,8.850546e+27,6.458333e+27,4.737046e+27,3.244412e+27,2.494200e+27,1.827103e+27,1.358754e+27,5.257988e+26,3.569815e+26,1.082164e+27,2.847993e+27,3.691883e+27,1.354059e+27,6.141716e+26
1.675121e+32,1.914570e+32,2.085756e+32,2.399439e+32,3.095320e+32,3.370971e+32,2.651183e+32,2.098688e+32,1.544513e+32,1.154952e+32,8.082578e+31,6.052762e+31,4.523232e+31,3.580618e+31,2.892869e+31,2.270832e+31,1.829615e+31,1.470496e+31,1.153086e+31,9.467742e+30,7.613433e+30,5.813812e+30,4.577919e+30,3.485326e+30,2.480049e+30,1.756134e+30,1.237730e+30,8.168357e+29,5.467896e+29,3.955844e+29,2.723741e+29,1.921306e+29,1.238294e+29,7.726549e+28,4.563005e+28,2.757259e+28,1.729838e+28,1.161910e+28,8.402835e+27,5.921048e+27,4.210301e+27,3.005612e+27,2.572849e+27,1.301820e+27,6.862708e+26,5.144391e+26,1.599148e+27,3.551148e+27,4.127246e+27,1.177609e+27,6.862850e+26
1.560158e+32,1.762833e+32,1.922848e+32,2.192786e+32,2.807086e+32,3.104840e+32,2.513734e+32,1.965904e+32,1.521969e+32,1.138145e+32,8.071546e+31,5.880244e+31,4.407426e+31,3.552856e+31,2.845695e+31,2.274549e+31,1.813484e+31,1.465365e+31,1.185712e+31,9.817822e+30,7.958160e+30,6.242422e+30,4.965263e+30,3.747248e+30,2.642405e+30,1.887382e+30,1.376060e+30,9.374301e+29,6.600371e+29,4.831299e+29,3.600870e+29,2.624147e+29,1.747289e+29,1.126773e+29,6.362984e+28,3.759462e+28,2.393170e+28,1.651241e+28,1.196770e+28,7.956871e+27,6.091142e+27,4.193577e+27,3.546306e+27,1.306613e+27,1.019857e+27,1.186510e+27,3.226353e+27,4.598333e+27,2.305207e+27,3.273161e+27,9.444604e+26
1.532264e+32,1.716063e+32,1.845035e+32,2.093114e+32,2.632216e+32,2.976039e+32,2.468625e+32,2.013220e+32,1.506768e+32,1.116010e+32,8.146570e+31,5.938057e+31,4.537238e+31,3.630143e+31,2.856699e+31,2.286969e+31,1.826118e+31,1.484389e+31,1.199640e+31,9.922049e+30,8.212925e+30,6.435942e+30,4.949786e+30,3.631912e+30,2.735826e+30,1.954390e+30,1.407981e+30,9.934770e+29,7.282910e+29,5.391036e+29,4.301791e+29,3.116541e+29,2.077483e+29,1.308522e+29,7.942676e+28,4.860824e+28,3.163122e+28,2.183280e+28,1.613109e+28,1.070003e+28,7.869930e+27,6.221289e+27,3.984342e+27,1.648412e+27,1.437231e+27,2.754712e+27,4.803251e+27,4.818789e+27,4.661967e+27,2.663139e+27,5.180851e+25
1.469312e+32,1.641781e+32,1.745807e+32,1.963469e+32,2.431078e+32,2.852575e+32,2.412303e+32,1.993541e+32,1.463060e+32,1.113553e+32,8.310141e+31,6.327205e+31,4.838579e+31,3.770764e+31,2.903073e+31,2.352133e+31,1.880971e+31,1.492627e+31,1.253813e+31,1.038568e+31,8.347817e+30,6.551720e+30,5.277536e+30,4.012798e+30,2.989316e+30,2.081066e+30,1.598421e+30,1.103386e+30,8.435832e+29,6.343836e+29,4.895410e+29,3.643204e+29,2.495191e+29,1.586153e+29,1.011542e+29,6.353140e+28,4.398306e+28,3.015786e+28,2.135726e+28,1.575029e+28,1.029637e+28,9.267242e+27,4.245348e+27,3.701299e+27,5.323723e+27,6.676799e+27,7.450278e+27,6.413531e+27,2.251898e+27,3.020133e+27,8.230276e+26
1.392385e+32,1.566522e+32,1.645669e+32,1.815451e+32,2.218051e+32,2.728428e+32,2.449795e+32,1.901139e+32,1.417063e+32,1.119598e+32,8.631568e+31,6.835803e+31,5.226307e+31,3.897955e+31,3.008637e+31,2.488671e+31,2.022770e+31,1.607701e+31,1.332608e+31,1.103032e+31,8.973928e+30,7.057001e+30,5.564408e+30,4.268179e+30,3.197015e+30,2.264230e+30,1.716123e+30,1.286984e+30,9.970976e+29,7.766076e+29,6.041333e+29,4.372067e+29,2.996673e+29,1.986317e+29,1.308571e+29,9.048634e+28,6.628715e+28,4.694091e+28,3.142121e+28,2.543399e+28,1.689593e+28,1.672906e+28,8.901401e+27,1.291984e+28,1.017956e+28,1.062592e+28,1.013707e+28,3.729761e+27,4.134272e+27,2.924785e+27,1.024642e+26
1.272679e+32,1.370568e+32,1.455269e+32,1.581932e+32,1.862498e+32,2.504121e+32,2.350476e+32,1.859117e+32,1.505182e+32,1.205393e+32,9.311667e+31,7.198557e+31,5.379839e+31,4.215865e+31,3.208202e+31,2.599608e+31,2.195799e+31,1.806573e+31,1.438883e+31,1.283462e+31,1.038747e+31,8.162778e+30,6.647028e+30,5.047102e+30,4.447749e+30,3.279138e+30,2.618803e+30,1.809458e+30,1.480242e+30,1.218896e+30,1.003172e+30,6.194422e+29,4.443174e+29,3.236061e+29,2.363405e+29,1.759320e+29,1.330566e+29,1.003657e+29,7.237088e+28,6.860111e+28,5.968036e+28,4.878260e+28,2.652553e+28,2.143357e+28,1.925546e+28,2.113990e+28,9.903355e+27,7.865647e+27,7.598015e+27,2.194112e+27,1.135911e+27
1.234949e+32,1.336076e+32,1.398782e+32,1.515723e+32,1.694374e+32,2.321491e+32,2.117024e+32,1.737381e+32,1.379423e+32,1.079278e+32,8.380278e+31,6.435707e+31,4.828886e+31,3.954189e+31,3.130187e+31,2.509886e+31,2.037631e+31,1.716348e+31,1.446985e+31,1.320917e+31,1.025277e+31,8.816888e+30,7.248643e+30,5.690734e+30,4.663041e+30,3.934441e+30,2.955451e+30,2.160147e+30,1.845630e+30,1.465355e+30,1.248281e+30,7.987201e+29,6.065822e+29,4.626935e+29,3.366063e+29,2.441954e+29,1.879612e+29,1.456319e+29,9.667261e+28,8.890546e+28,6.952686e+28,5.890034e+28,2.831289e+28,2.326956e+28,2.511695e+28,2.839280e+28,9.404920e+27,9.189101e+27,1.231969e+28,3.018722e+27,6.448713e+26
-2.948440e+00,-2.834535e+00,-2.762972e+00,-2.708025e+00,-2.614297e+00,-2.569806e+00,-2.529683e+00,-2.526463e+00,-2.378619e+00,-2.123038e+00,-1.946545e+00,-1.926977e+00,-1.949172e+00,-1.977407e+00,-2.008375e+00,-2.030514e+00,-2.045997e+00,-2.056058e+00,-2.054619e+00,-2.022598e+00,-1.952873e+00,-1.823348e+00,-1.603366e+00,-1.194600e+00,-4.420486e-01,3.637688e-01,4.375781e-01,4.923521e-01,8.366724e-01,7.992422e-01,8.085712e-01,1.519558e+00,2.780797e+00,2.721114e+00,3.428153e+00,2.876432e+00,2.256206e+00,2.652306e+00,1.832417e+00,2.764283e-01,-2.521136e+00,-2.328074e+00,-2.346461e+00,-2.538362e+00,-2.579552e+00,-2.736537e+00,-2.899108e+00,-2.848732e+00,-2.880240e+00,-2.949879e+00,-2.925471e+00
-3.042595e+00,-2.969314e+00,-2.912255e+00,-2.835434e+00,-2.693835e+00,-2.587467e+00,-2.608435e+00,-2.606264e+00,-2.563500e+00,-2.348984e+00,-2.086563e+00,-2.019265e+00,-2.016189e+00,-2.038832e+00,-2.049966e+00,-2.071711e+00,-2.077102e+00,-2.079237e+00,-2.071202e+00,-2.058391e+00,-2.001151e+00,-1.899954e+00,-1.725471e+00,-1.446253e+00,-9.431593e-01,8.499014e-03,8.033769e-01,5.595363e-01,6.698076e-01,6.781724e-01,1.018269e+00,2.077148e+00,2.367301e+00,2.654319e+00,3.215537e+00,2.985015e+00,3.114922e+00,2.681516e+00,3.138527e+00,2.192861e+00,1.821387e+00,2.598457e+00,-1.861568e+00,-2.292079e+00,-2.231914e+00,-2.286946e+00,-2.302352e+00,-2.714091e+00,-2.747537e+00,-2.787160e+00,-2.698773e+00
-3.111939e+00,-3.079432e+00,-3.046566e+00,-2.973970e+00,-2.805683e+00,-2.716788e+00,-2.763451e+00,-2.780275e+00,-2.718462e+00,-2.619173e+00,-2.443476e+00,-2.218824e+00,-2.166939e+00,-2.159644e+00,-2.150577e+00,-2.150921e+00,-2.149130e+00,-2.133065e+00,-2.118013e+00,-2.088825e+00,-2.041359e+00,-1.961864e+00,-1.837018e+00,-1.626441e+00,-1.322800e+00,-6.828342e-01,1.011129e-01,8.201317e-01,8.110811e-01,1.307927e+00,1.567045e+00,1.890780e+00,2.206891e+00,2.382346e+00,3.431491e+00,3.997920e+00,3.749441e+00,3.336915e+00,3.354266e+00,3.205867e+00,3.374508e+00,2.497357e+00,3.507500e+00,1.871933e+00,-7.451424e-01,-2.470379e+00,-2.241525e+00,-2.420456e+00,-2.280175e+00,-2.425278e+00,-2.278686e+00
-3.111389e+00,-3.086944e+00,-3.061642e+00,-3.019562e+00,-2.903292e+00,-2.744332e+00,-2.772793e+00,-2.801741e+00,-2.801369e+00,-2.697562e+00,-2.555871e+00,-2.335058e+00,-2.237681e+00,-2.201921e+00,-2.190192e+00,-2.183016e+00,-2.178571e+00,-2.164255e+00,-2.145076e+00,-2.118127e+00,-2.079418e+00,-2.011367e+00,-1.912489e+00,-1.758520e+00,-1.527157e+00,-1.092372e+00,-3.720417e-01,5.403281e-01,7.252183e-01,1.248039e+00,2.425289e+00,2.009540e+00,1.763703e+00,2.474650e+00,3.230144e+00,4.367198e+00,4.926533e+00,4.007905e+00,3.715015e+00,3.424168e+00,4.907821e+00,2.768201e+00,2.656934e+00,3.473425e+00,8.885127e-01,2.503947e+00,-1.932491e+00,-2.676227e+00,-2.295938e+00,-2.234161e+00,-2.229003e+00
-3.131095e+00,-3.114723e+00,-3.090307e+00,-3.029900e+00,-2.871217e+00,-2.746596e+00,-2.846926e+00,-2.881002e+00,-2.868171e+00,-2.793811e+00,-2.669948e+00,-2.485856e+00,-2.330452e+00,-2.266076e+00,-2.242580e+00,-2.222987e+00,-2.207638e+00,-2.182437e+00,-2.161588e+00,-2.133302e+00,-2.095108e+00,-2.035645e+00,-1.946642e+00,-1.818426e+00,-1.644644e+00,-1.359391e+00,-8.218989e-01,7.045553e-02,7.670817e-01,1.641987e+00,2.592699e+00,2.507964e+00,2.364019e+00,2.502333e+00,3.316986e+00,4.183662e+00,4.395833e+00,4.216984e+00,4.250694e+00,4.777162e+00,3.117875e+00,4.836647e+00,2.540828e+00,2.174888e+00,1.233774e+00,2.855599e+00,4.340343e+00,-1.722337e+00,-2.525176e+00,-2.450431e+00,-2.212206e+00
-3.123302e+00,-3.116978e+00,-3.106903e+00,-3.058642e+00,-2.918762e+00,-2.796020e+00,-2.880890e+00,-2.888933e+00,-2.880835e+00,-2.817538e+00,-2.746567e+00,-2.596561e+00,-2.409428e+00,-2.329105e+00,-2.292529e+00,-2.263899e+00,-2.248742e+00,-2.213607e+00,-2.195228e+00,-2.161501e+00,-2.122671e+00,-2.069132e+00,-1.989116e+00,-1.881678e+00,-1.725782e+00,-1.490199e+00,-1.134460e+00,-4.498483e-01,5.574583e-01,1.791893e+00,2.139587e+00,2.013888e+00,2.522589e+00,2.921574e+00,2.936331e+00,4.614157e+00,4.661030e+00,4.628202e+00,4.390010e+00,5.426023e+00,3.870011e+00,3.306609e+00,4.658540e+00,2.070429e+00,2.527268e+00,3.377160e+00,7.575279e-01,-1.614970e+00,-2.421866e+00,-3.075622e+00,-3.039893e+00
-3.130472e+00,-3.123932e+00,-3.110780e+00,-3.074293e+00,-2.944607e+00,-2.837897e+00,-2.882662e+00,-2.885766e+00,-2.888064e+00,-2.855579e+00,-2.810938e+00,-2.699574e+00,-2.533831e+00,-2.402760e+00,-2.352782e+00,-2.318659e+00,-2.283658e+00,-2.246627e+00,-2.218076e+00,-2.180705e+00,-2.144998e+00,-2.087442e+00,-2.020345e+00,-1.922050e+00,-1.785560e+00,-1.595686e+00,-1.326927e+00,-8.525678e-01,-1.095424e-01,1.065111e+00,1.933307e+00,2.039658e+00,2.588341e+00,2.522237e+00,3.673146e+00,4.040591e+00,5.319680e+00,6.237874e+00,4.707238e+00,4.332347e+00,6.005742e+00,3.400130e+00,5.142534e+00,2.030472e+00,2.685285e+00,4.074313e+00,4.484932e-01,-1.581122e+00,-2.268548e+00,-2.931830e+00,-2.890767e+00
-3.161332e+00,-3.148530e+00,-3.137305e+00,-3.111675e+00,-3.008873e+00,-2.914718e+00,-2.908970e+00,-2.941210e+00,-2.893096e+00,-2.877832e+00,-2.834680e+00,-2.775056e+00,-2.661243e+00,-2.489352e+00,-2.446081e+00,-2.399422e+00,-2.353076e+00,-2.319982e+00,-2.267734e+00,-2.227811e+00,-2.180086e+00,-2.123625e+00,-2.048475e+00,-1.956463e+00,-1.826308e+00,-1.670605e+00,-1.473829e+00,-1.173863e+00,-7.042290e-01,1.109004e-01,1.067042e+00,2.112779e+00,2.253520e+00,2.410096e+00,3.788268e+00,4.531273e+00,5.256609e+00,5.490595e+00,6.693944e+00,4.798175e+00,4.467390e+00,6.134195e+00,3.294623e+00,3.800578e+00,4.426857e+00,5.736438e+00,-5.166526e-01,-1.688759e+00,-2.054818e+00,-2.739016e+00,-2.612260e+00
-3.155428e+00,-3.148049e+00,-3.142361e+00,-3.119622e+00,-3.028814e+00,-2.937682e+00,-2.906922e+00,-2.882957e+00,-2.867250e+00,-2.884949e+00,-2.838490e+00,-2.780361e+00,-2.662459e+00,-2.521525e+00,-2.496218e+00,-2.435993e+00,-2.386332e+00,-2.343268e+00,-2.295411e+00,-2.259212e+00,-2.207733e+00,-2.145227e+00,-2.059152e+00,-1.971131e+00,-1.853450e+00,-1.709175e+00,-1.521424e+00,-1.294020e+00,-9.720420e-01,-4.237122e-01,3.380566e-01,1.314935e+00,2.441594e+00,2.766389e+00,3.314047e+00,4.426792e+00,5.229657e+00,5.808780e+00,5.370350e+00,5.732363e+00,4.744504e+00,6.479010e+00,3.224498e+00,4.571830e+00,6.012621e+00,8.389678e-01,-1.096673e+00,-1.962109e+00,-2.600348e+00,-2.673010e+00,1.540526e+00
-3.182827e+00,-3.175246e+00,-3.167219e+00,-3.146149e+00,-3.073591e+00,-2.972091e+00,-2.927635e+00,-2.869596e+00,-2.888153e+00,-2.893976e+00,-2.854802e+00,-2.751247e+00,-2.665802e+00,-2.565753e+00,-2.536097e+00,-2.465092e+00,-2.408952e+00,-2.376850e+00,-2.316460e+00,-2.286075e+00,-2.226095e+00,-2.167796e+00,-2.094245e+00,-2.002818e+00,-1.881043e+00,-1.742705e+00,-1.601696e+00,-1.415655e+00,-1.196466e+00,-8.910256e-01,-3.709734e-01,5.435089e-01,1.680767e+00,2.673692e+00,3.066929e+00,4.811557e+00,5.823996e+00,5.908313e+00,5.187420e+00,8.124006e+00,4.918081e+00,7.875394e+00,3.379149e+00,4.393877e+00,-4.700243e-01,-1.371809e+00,-1.678524e+00,-2.537656e+00,-2.566618e+00,-2.616874e+00,-3.071125e+00
-3.204837e+00,-3.194903e+00,-3.187928e+00,-3.169871e+00,-3.108203e+00,-2.966794e+00,-2.844455e+00,-2.871164e+00,-2.887295e+00,-2.879968e+00,-2.821286e+00,-2.718337e+00,-2.652910e+00,-2.611549e+00,-2.598735e+00,-2.507932e+00,-2.442367e+00,-2.396381e+00,-2.342595e+00,-2.299020e+00,-2.213888e+00,-2.152620e+00,-2.080659e+00,-1.990281e+00,-1.888342e+00,-1.740350e+00,-1.620106e+00,-1.461469e+00,-1.327162e+00,-1.155363e+00,-8.956898e-01,-4.101104e-01,2.871144e-01,1.526446e+00,3.161136e+00,4.035789e+00,4.955243e+00,6.446731e+00,5.519017e+00,5.998038e+00,7.449714e+00,4.692492e+00,8.845020e-01,-1.063853e+00,-1.478242e+00,-1.701068e+00,-2.145968e+00,-2.457658e+00,-2.641046e+00,-2.438179e+00,9.945865e+00
-3.242477e+00,-3.233206e+00,-3.227459e+00,-3.217133e+00,-3.147804e+00,-2.891952e+00,-2.811861e+00,-2.871508e+00,-2.861469e+00,-2.867277e+00,-2.827785e+00,-2.779122e+00,-2.754275e+00,-2.705599e+00,-2.661796e+00,-2.636262e+00,-2.582062e+00,-2.517474e+00,-2.447815e+00,-2.326418e+00,-2.257342e+00,-2.182077e+00,-2.074859e+00,-2.017471e+00,-1.846736e+00,-1.765137e+00,-1.545598e+00,-1.479326e+00,-1.245450e+00,-1.136830e+00,-8.975746e-01,-1.021575e+00,-7.621294e-01,-4.402809e-01,3.977771e-03,8.303151e-01,1.961896e+00,3.329404e+00,2.610902e+00,1.430316e+00,6.373300e-01,-2.596123e-01,-6.427405e-01,-9.990224e-01,-1.202094e+00,-9.200627e-01,-1.902677e+00,-2.267443e+00,-1.345948e+00,-1.767722e+00,-2.515635e+00
-3.241046e+00,-3.236423e+00,-3.232875e+00,-3.225210e+00,-3.188093e+00,-2.902816e+00,-2.889864e+00,-2.918897e+00,-2.937217e+00,-2.970216e+00,-2.969372e+00,-2.940703e+00,-2.896317e+00,-2.824030e+00,-2.757415e+00,-2.704367e+00,-2.654800e+00,-2.610132e+00,-2.519163e+00,-2.403704e+00,-2.337570e+00,-2.246456e+00,-2.133406e+00,-2.045428e+00,-1.943902e+00,-1.804578e+00,-1.707989e+00,-1.603390e+00,-1.459016e+00,-1.300094e+00,-1.265130e+00,-1.237638e+00,-1.052719e+00,-6.188818e-01,-2.361469e-01,2.545940e-01,7.038380e-01,1.213880e+00,1.183478e+00,9.168009e-01,5.978830e-01,1.385385e-01,-3.624489e-01,-5.284748e-01,-1.045125e+00,-1.063598e-01,-7.897114e-01,-1.681537e+00,-6.094330e-01,2.357011e+00,3.743279e+00
